# BMAJ (arcsec), BMIN (arcsec), BPA (deg)
8.602545373149922625e+00 5.682796976968523595e+00 2.836028907543846955e+00
8.493262548365267506e+00 5.589739361785787786e+00 2.724194805690534515e+00
8.086748078890044766e+00 6.062229907938863960e+00 2.624592170611593556e+00
8.046717086402676244e+00 5.864275903686731795e+00 2.884371721273269351e+00
7.947960206645808157e+00 5.721580400668380584e+00 2.828848572502606018e+00
9.366788692296719177e+00 7.469814186578267901e+00 1.484745490621796726e+00
7.589091950103564521e+00 6.315211067743799589e+00 3.013963360020319726e+00
1.101889729399849216e+01 7.812252216608184696e+00 1.428199700512763570e+00
9.745629514194311227e+00 7.068259338899148148e+00 2.012805954689713683e+00
9.118827733369355926e+00 6.066588701990375476e+00 2.824543520515859107e+00
9.135513509651387309e+00 6.055764226926120486e+00 2.815649467981036658e+00
1.016819950428500263e+01 7.480574827499304469e+00 2.819117167598398588e+00
9.682731449791306844e+00 6.415067385985175896e+00 2.027191431828633039e+00
9.168492117826223975e+00 6.295507758459647718e+00 2.187285179795367629e+00
8.601054313751639313e+00 5.833715824443384435e+00 2.695490892091218171e+00
8.774508627839916031e+00 6.062263762470264439e+00 2.284077161047507243e+00
8.564808862357956798e+00 5.723279970062868038e+00 2.572672123267604416e+00
9.111482552234843268e+00 6.320439778123835950e+00 2.213192807567829767e+00
8.547942654920879235e+00 5.752979917810812083e+00 2.650230574427944408e+00
8.627383305056843810e+00 5.783368644807372227e+00 2.699353991009096898e+00
7.789767280018955908e+00 5.999635032182819572e+00 2.635353917823326952e+00
7.066298963777760456e+00 5.257975183794323826e+00 2.776298917503139396e+00
7.029773503254287625e+00 5.294729937312252055e+00 2.712274017278011762e+00
