# Beam extent in right acension (arcsecond), Beam extent in declination (arcsecond)
6.005736219657982211e+00 8.380280474926479428e+00
6.161567601984067721e+00 8.088002196732009708e+00
6.614286846894237293e+00 7.641814932013346606e+00
6.029470332476116745e+00 7.923690759548605911e+00
5.968028601409908873e+00 7.764611280707560681e+00
9.354187099001078920e+00 7.485588694620178174e+00
6.337889989767166554e+00 7.570162345345681665e+00
1.096341848012409237e+01 7.889919993337088933e+00
9.313445544928734776e+00 7.628716588753143846e+00
6.427170986052891166e+00 8.868370246331807039e+00
6.439655406371780799e+00 8.869088211554096546e+00
7.792495066153714234e+00 9.931178256014140615e+00
9.139933038034323332e+00 7.167286931312084164e+00
8.319235907316553380e+00 7.381394148118777920e+00
6.439581083817808249e+00 8.157338480987698759e+00
7.730688230836761043e+00 7.347074456094700778e+00
6.673752151237324348e+00 7.846841191734633902e+00
8.219437823593256809e+00 7.443649316877751332e+00
6.480359500947902696e+00 8.010558176870357983e+00
6.399513141680299277e+00 8.180790128317420695e+00
6.465254046664927756e+00 7.407873170372996086e+00
5.521795635577030126e+00 6.862117533080155596e+00
5.633754547412674007e+00 6.761116055477354614e+00
