5.514350000000000000e+04 9.149840899399703797e-01 2.092386055955164359e-01 2.893977316917915044e-01 0.000000000000000000e+00
5.514450000000000000e+04 7.389062036624647334e-01 1.200651605783813469e-01 1.374174462722335122e-01 0.000000000000000000e+00
5.514550000000000000e+04 8.906038354189114159e-01 9.372649190094717309e-02 1.026398698827729605e-01 0.000000000000000000e+00
5.514650000000000000e+04 9.965564180161508023e-01 1.143693503703955283e-01 1.328200155500331991e-01 0.000000000000000000e+00
5.514750000000000000e+04 1.023986397728246844e+00 9.638219866879960129e-02 1.085549819700921681e-01 0.000000000000000000e+00
5.514850000000000000e+04 1.332302161935451146e+00 1.189590348844085099e-01 1.403930521045697599e-01 0.000000000000000000e+00
5.514950000000000000e+04 1.227872246025290437e+00 9.145518056008183905e-02 9.838456398093842203e-02 0.000000000000000000e+00
5.515050000000000000e+04 1.282711149309240906e+00 1.146398079601771425e-01 1.299496960595163397e-01 0.000000000000000000e+00
5.515150000000000000e+04 8.090442244666474769e-01 7.653758478509498087e-02 8.165644231586466351e-02 0.000000000000000000e+00
5.515250000000000000e+04 5.470286856807489162e-01 4.730382773454105960e-02 4.980570728540834047e-02 0.000000000000000000e+00
5.515350000000000000e+04 1.171585374358969645e-01 2.697954378666164721e-02 2.834999737494789396e-02 0.000000000000000000e+00
5.515850000000000000e+04 7.684791244495478568e-02 1.760029291302841331e-02 1.814934988583119524e-02 0.000000000000000000e+00
5.515950000000000000e+04 5.076093641895088049e-02 1.644443030990783150e-02 1.699694548187347110e-02 0.000000000000000000e+00
5.516050000000000000e+04 7.298085594765679751e-02 1.325992227485840724e-02 1.331354980970521351e-02 0.000000000000000000e+00
5.516150000000000000e+04 8.465447325856978456e-02 2.030433479121993012e-02 2.043855915034513415e-02 0.000000000000000000e+00
5.516350000000000000e+04 6.303554806780373165e-02 1.946770425859556397e-02 1.945427644147042223e-02 0.000000000000000000e+00
5.516450000000000000e+04 8.418748062613914951e-02 2.684333843563399546e-02 2.686509027162674312e-02 0.000000000000000000e+00
5.516750000000000000e+04 1.370870650298112170e-01 4.429348642908119416e-02 4.513819561689633164e-02 0.000000000000000000e+00
5.517050000000000000e+04 3.352419451598410705e-01 7.185283401949488225e-02 7.790826017295210404e-02 0.000000000000000000e+00
5.517150000000000000e+04 8.419027773684326643e-01 1.335411084402430282e-01 1.522879828819758696e-01 0.000000000000000000e+00
5.517250000000000000e+04 6.079203697247543836e-01 1.145475581433090251e-01 1.356493899201683950e-01 0.000000000000000000e+00
5.517350000000000000e+04 1.724792991675353715e+00 4.719613720938742318e-01 7.651743681587088730e-01 0.000000000000000000e+00
5.519750000000000000e+04 1.254077488568204002e+00 1.886766140231739275e-01 2.284299142222070422e-01 0.000000000000000000e+00
5.519850000000000000e+04 6.170126459117430961e-01 4.256288669697649851e-02 4.599162797744416054e-02 0.000000000000000000e+00
5.519950000000000000e+04 1.133726387210042041e+00 1.616031910364374991e-01 1.951548047088698112e-01 0.000000000000000000e+00
5.520050000000000000e+04 1.172427579330435066e+00 1.451615076204497701e-01 1.750866226091691846e-01 0.000000000000000000e+00
5.520150000000000000e+04 1.460875066610525019e+00 2.545281287651819380e-01 3.447350625821195003e-01 0.000000000000000000e+00
5.520350000000000000e+04 1.006357127424210463e+00 1.511860115322629650e-01 2.016922312209319390e-01 0.000000000000000000e+00
5.520450000000000000e+04 1.018378939100332836e+00 1.364504812979978610e-01 1.735432007420711908e-01 0.000000000000000000e+00
5.520650000000000000e+04 9.121864865427373736e-01 1.013881391852390346e-01 1.160843085271912045e-01 0.000000000000000000e+00
5.520750000000000000e+04 7.373814329782731880e-01 1.297868990785978616e-01 1.367734863982360549e-01 0.000000000000000000e+00
5.520850000000000000e+04 1.483730214373458534e+00 1.733520990096870662e-01 2.103425776920484491e-01 0.000000000000000000e+00
5.521050000000000000e+04 1.114893209772235050e+00 1.108252755375849219e-01 1.252893824687990598e-01 0.000000000000000000e+00
5.521350000000000000e+04 1.322984810078414286e+00 1.823322364088004743e-01 2.183066300371576673e-01 0.000000000000000000e+00
5.521450000000000000e+04 2.871907332606895569e-01 4.856146377017239724e-02 4.941155873883334992e-02 0.000000000000000000e+00
5.521550000000000000e+04 1.165062136659103409e+00 3.797536164338194409e-01 5.106776663687915274e-01 0.000000000000000000e+00
5.522250000000000000e+04 5.436148992448184281e-01 1.261374416311168423e-01 1.422390841699965325e-01 0.000000000000000000e+00
5.522650000000000000e+04 8.333994391181327455e-01 9.687728319811461652e-02 1.040538186053743264e-01 0.000000000000000000e+00
5.522750000000000000e+04 1.545631436860944286e+00 2.803200653656152674e-01 2.916557188601303086e-01 0.000000000000000000e+00
5.522950000000000000e+04 1.583102565004703255e+00 2.843745077632531260e-01 2.980434963596176878e-01 0.000000000000000000e+00
5.523150000000000000e+04 1.054492854513556566e+00 2.662630914081287603e-01 2.906264594190339778e-01 0.000000000000000000e+00
5.523250000000000000e+04 1.323172865083374505e+00 3.456599149329313558e-01 3.988866982380137038e-01 0.000000000000000000e+00
5.523750000000000000e+04 7.511468147726242384e-01 1.271577431105002098e-01 1.467212333651505274e-01 0.000000000000000000e+00
5.523850000000000000e+04 9.424498281546145328e-01 1.185457381231176388e-01 1.338903930913557527e-01 0.000000000000000000e+00
5.523950000000000000e+04 1.598976041492593314e+00 4.020701255912648708e-01 4.889805959984587780e-01 0.000000000000000000e+00
5.524050000000000000e+04 1.921123686777101769e+00 3.511258940989299138e-01 4.200839455846649972e-01 0.000000000000000000e+00
5.524250000000000000e+04 8.275220431778858021e-01 1.528712507940936938e-01 1.718003974241305576e-01 0.000000000000000000e+00
5.524350000000000000e+04 9.200955329806721483e-01 1.691998426490247676e-01 1.958606978691082023e-01 0.000000000000000000e+00
5.524450000000000000e+04 1.296250543299142466e+00 2.282676350152157418e-01 2.786684861814094916e-01 0.000000000000000000e+00
5.524550000000000000e+04 1.416052774737899922e+00 3.740977963404259476e-01 4.177550260200662002e-01 0.000000000000000000e+00
5.524650000000000000e+04 1.823627326618076250e+00 2.565161287831083659e-01 3.129453604220184815e-01 0.000000000000000000e+00
5.524750000000000000e+04 1.594557619522594116e+00 2.568938349883242989e-01 3.487874738429004307e-01 0.000000000000000000e+00
5.524850000000000000e+04 1.287708523526626347e+00 1.224874504252191354e-01 1.431683210827272568e-01 0.000000000000000000e+00
5.524950000000000000e+04 1.361177393585281781e+00 1.352504911288809897e-01 1.614422276458160610e-01 0.000000000000000000e+00
5.525050000000000000e+04 1.341307085348404149e+00 1.382473754715656256e-01 1.699713212944868879e-01 0.000000000000000000e+00
5.525150000000000000e+04 1.276681377878374768e+00 1.645175432813095195e-01 1.953379654822859912e-01 0.000000000000000000e+00
5.525250000000000000e+04 1.213921605206703891e+00 1.850708663641309482e-01 2.073403512788802860e-01 0.000000000000000000e+00
5.525350000000000000e+04 1.212054074526492276e+00 1.502321300462878817e-01 1.803052378905118935e-01 0.000000000000000000e+00
5.525450000000000000e+04 1.145498090578277228e+00 4.175878920342083189e-01 4.392354698140439329e-01 0.000000000000000000e+00
5.525550000000000000e+04 8.157453711980089395e-01 1.103078000870397757e-01 1.302379220818133954e-01 0.000000000000000000e+00
5.525650000000000000e+04 3.577990204333306168e-01 3.315554360941541656e-02 3.562503214496809401e-02 0.000000000000000000e+00
5.525850000000000000e+04 8.803351984076069892e-01 1.308944129426133918e-01 1.594573712457124648e-01 0.000000000000000000e+00
5.525950000000000000e+04 1.023610539174265366e+00 1.058393609030193749e-01 1.249444417327898460e-01 0.000000000000000000e+00
5.526050000000000000e+04 1.137360211575213942e+00 1.250219163525660981e-01 1.431318289522873766e-01 0.000000000000000000e+00
5.526150000000000000e+04 1.477523390253057123e+00 1.671596718416716865e-01 2.012734854959759012e-01 0.000000000000000000e+00
5.526250000000000000e+04 1.204179491355829246e+00 1.245257942716369026e-01 1.411512419690954534e-01 0.000000000000000000e+00
5.526350000000000000e+04 8.411452994429865493e-01 1.525316652130701556e-01 1.693116148056644787e-01 0.000000000000000000e+00
5.526550000000000000e+04 1.715590404719216089e+00 2.021342850671983271e-01 2.386957398190228119e-01 0.000000000000000000e+00
5.526650000000000000e+04 1.178373543720285577e+00 1.256794805534422466e-01 1.481914073819627919e-01 0.000000000000000000e+00
5.526750000000000000e+04 1.827946981995747455e+00 2.575590368938620589e-01 3.341084642660445692e-01 0.000000000000000000e+00
5.526850000000000000e+04 1.494821164589835050e+00 2.127191060317910054e-01 2.833082547808625229e-01 0.000000000000000000e+00
5.526950000000000000e+04 1.181321779818192752e+00 1.780529449664225439e-01 2.348034169085242429e-01 0.000000000000000000e+00
5.527050000000000000e+04 1.476549553956872707e+00 3.544611724857515966e-01 6.451569211520027380e-01 0.000000000000000000e+00
5.527250000000000000e+04 6.958262048020973367e-01 1.401019373769726295e-01 2.077960659336990368e-01 0.000000000000000000e+00
5.539150000000000000e+04 2.086516259289443287e+00 4.917579888933156784e-01 9.021413507853650593e-01 0.000000000000000000e+00
5.539250000000000000e+04 1.904212871650228678e+00 4.309924258454778112e-01 6.989389213906211928e-01 0.000000000000000000e+00
5.539350000000000000e+04 1.511655184227552517e+00 2.679311247436797494e-01 3.806742940118319485e-01 0.000000000000000000e+00
5.539450000000000000e+04 1.171330504066319556e+00 1.934537298553427043e-01 2.602432726329584334e-01 0.000000000000000000e+00
5.539550000000000000e+04 9.678913782344632510e-01 1.465766897847581296e-01 1.842807780110010674e-01 0.000000000000000000e+00
5.539650000000000000e+04 1.443229835884978440e+00 3.373931083148640209e-01 5.691468979320501997e-01 0.000000000000000000e+00
5.539750000000000000e+04 1.906620760379878377e+00 4.278530449309065897e-01 7.529510397136953692e-01 0.000000000000000000e+00
5.539850000000000000e+04 1.333590204712551186e+00 2.302383449311213859e-01 3.164286712339969831e-01 0.000000000000000000e+00
5.539950000000000000e+04 1.099855252183869592e+00 1.711123384671894287e-01 2.395967939054954865e-01 0.000000000000000000e+00
5.540050000000000000e+04 9.520601930593961537e-01 2.323047181532015282e-01 3.642492882318071334e-01 0.000000000000000000e+00
5.540150000000000000e+04 7.403289890959785513e-01 1.165485533105912186e-01 1.315896080093578169e-01 0.000000000000000000e+00
5.540250000000000000e+04 6.071955591288352716e-01 1.099818768247990408e-01 1.220348786338162350e-01 0.000000000000000000e+00
5.540350000000000000e+04 7.750490827684793915e-01 1.403713706839747610e-01 1.607400708157407099e-01 0.000000000000000000e+00
5.540450000000000000e+04 9.101524525461217596e-01 1.238167087953551126e-01 1.448951669676850074e-01 0.000000000000000000e+00
5.541850000000000000e+04 1.392843206732988559e+00 3.719053790303428197e-01 4.774594431990997201e-01 0.000000000000000000e+00
5.542150000000000000e+04 6.881719807561166302e-01 1.925411451336899726e-01 2.326767469053860893e-01 0.000000000000000000e+00
5.542250000000000000e+04 1.570030384316816630e+00 5.581364448991927851e-01 7.426523154571884611e-01 0.000000000000000000e+00
5.542550000000000000e+04 1.005927189347264772e+00 1.736114899638570019e-01 2.026746381286090859e-01 0.000000000000000000e+00
5.542650000000000000e+04 1.349065812932334740e+00 1.908961565117166526e-01 2.286862188668221663e-01 0.000000000000000000e+00
5.542750000000000000e+04 1.400556181502375042e+00 1.942912997062451463e-01 2.307364470582511373e-01 0.000000000000000000e+00
5.542850000000000000e+04 1.367758977874226733e+00 1.701210534592290102e-01 1.909092006436357014e-01 0.000000000000000000e+00
5.542950000000000000e+04 1.369729273459921348e+00 1.326762346877814469e-01 1.475833595642859208e-01 0.000000000000000000e+00
5.543050000000000000e+04 1.293953377358373569e+00 1.901734145603724002e-01 2.140885496931501653e-01 0.000000000000000000e+00
5.543150000000000000e+04 1.626663253211131810e+00 2.826443443498687369e-01 3.169966986430186040e-01 0.000000000000000000e+00
5.543250000000000000e+04 1.201571733109924933e+00 1.706155498774808432e-01 2.038516929404896594e-01 0.000000000000000000e+00
5.543350000000000000e+04 1.031596354293349949e+00 1.539026098699520784e-01 1.896244058138591981e-01 0.000000000000000000e+00
5.543650000000000000e+04 1.403899961141102271e+00 4.775304309289815086e-01 6.751449077930908871e-01 0.000000000000000000e+00
5.544150000000000000e+04 1.429850846152864507e+00 2.971986351530326864e-01 3.650960798941174090e-01 0.000000000000000000e+00
5.544350000000000000e+04 1.581436197195209115e+00 3.495489930907864640e-01 3.918723223994140525e-01 0.000000000000000000e+00
5.544450000000000000e+04 1.234421941062068484e+00 2.679186586425265082e-01 2.909948563933850707e-01 0.000000000000000000e+00
5.544650000000000000e+04 1.181513995776940273e+00 1.986834912772346140e-01 2.033620704343774843e-01 0.000000000000000000e+00
5.544750000000000000e+04 9.729399195909895770e-01 8.647099552752668394e-02 9.148615489778477716e-02 0.000000000000000000e+00
5.544850000000000000e+04 1.058696795014209657e+00 7.552744102824060501e-02 8.026277700354800260e-02 0.000000000000000000e+00
5.544950000000000000e+04 9.974550368514465415e-01 7.855582570274755039e-02 8.350361954847707047e-02 0.000000000000000000e+00
5.545050000000000000e+04 6.048864382050488375e-01 7.043068606500313411e-02 7.393260287095870797e-02 0.000000000000000000e+00
5.546450000000000000e+04 1.318400087309794799e-01 3.691083640349095141e-02 3.747510892936839477e-02 0.000000000000000000e+00
5.546750000000000000e+04 1.156629431996953339e-01 3.501939599844493267e-02 3.608339118696327064e-02 0.000000000000000000e+00
5.546950000000000000e+04 7.283830080847761290e-02 1.920582677950833511e-02 1.929890822122280747e-02 0.000000000000000000e+00
5.547950000000000000e+04 3.969074270806297600e-01 9.930885345117218543e-02 1.038939629534624265e-01 0.000000000000000000e+00
5.561850000000000000e+04 1.587372739973406777e+00 5.368863437911137737e-01 9.166333891536537770e-01 0.000000000000000000e+00
5.581050000000000000e+04 6.747218377429327063e-01 2.177179152144351759e-01 2.976871508509920661e-01 0.000000000000000000e+00
5.584850000000000000e+04 9.758007292353423345e-01 3.328330265670378374e-01 4.953496566662007883e-01 0.000000000000000000e+00
5.584950000000000000e+04 1.461715141073959945e+00 2.797256603874882508e-01 3.457988991194165251e-01 0.000000000000000000e+00
5.585050000000000000e+04 1.277027467826622686e+00 1.537662954094183299e-01 1.823475311190969617e-01 0.000000000000000000e+00
5.585150000000000000e+04 1.216400826142657987e+00 1.066434955491242231e-01 1.202367066971883336e-01 0.000000000000000000e+00
5.585250000000000000e+04 1.312092612771476929e+00 9.201146265084858555e-02 1.029161581841373518e-01 0.000000000000000000e+00
5.585350000000000000e+04 1.383761199190553626e+00 8.164188420390305900e-02 9.111579475780184900e-02 0.000000000000000000e+00
5.585450000000000000e+04 1.083966152049201437e+00 5.340124420309311226e-02 5.757535919673073543e-02 0.000000000000000000e+00
5.585550000000000000e+04 1.074538738325075071e+00 4.722756819021034502e-02 4.839888913147949445e-02 0.000000000000000000e+00
5.585650000000000000e+04 1.638027461824134723e-01 9.925733572660272452e-03 9.866190492843956994e-03 0.000000000000000000e+00
5.585750000000000000e+04 4.471346087797878344e-02 3.779773130121955038e-03 3.734054738492517678e-03 0.000000000000000000e+00
5.585850000000000000e+04 3.852980867983987062e-02 3.986382026247965726e-03 4.088601111513955055e-03 0.000000000000000000e+00
5.585950000000000000e+04 5.075305030607217549e-02 3.727995335976931612e-03 3.920654667197306931e-03 0.000000000000000000e+00
5.586050000000000000e+04 5.512701281750133353e-02 3.312276083622882339e-03 3.349856955363890443e-03 0.000000000000000000e+00
5.586150000000000000e+04 4.960439763042407552e-02 5.705390256288647710e-03 5.659607284614912026e-03 0.000000000000000000e+00
5.586250000000000000e+04 5.282526362666332270e-02 3.856286111250627202e-03 3.940325687048371051e-03 0.000000000000000000e+00
5.586350000000000000e+04 6.788191934504700376e-02 9.584090307747622495e-03 9.616359060823920224e-03 0.000000000000000000e+00
5.586450000000000000e+04 4.726520806735464569e-02 5.844768421113727408e-03 5.935005512709042030e-03 0.000000000000000000e+00
5.586550000000000000e+04 6.410789326188157111e-02 9.722393636038120790e-03 9.468921993386461566e-03 0.000000000000000000e+00
5.586650000000000000e+04 5.458360430629839027e-02 8.211549865272747828e-03 8.177082948644102955e-03 0.000000000000000000e+00
5.586750000000000000e+04 4.835315547727887797e-02 3.786214048918032371e-03 3.789672146531600228e-03 0.000000000000000000e+00
5.586850000000000000e+04 3.801514848914178124e-02 3.765137372425564344e-03 3.766434543195605611e-03 0.000000000000000000e+00
5.586950000000000000e+04 5.972318039908097731e-02 3.526344178922537209e-03 3.523426261533152415e-03 0.000000000000000000e+00
5.587050000000000000e+04 3.986733378428278241e-02 3.540151273105036911e-03 3.670652742315379247e-03 0.000000000000000000e+00
5.587150000000000000e+04 4.063413694589146363e-02 4.622791063417883151e-03 4.611879051808306929e-03 0.000000000000000000e+00
5.587250000000000000e+04 4.898166286138495862e-02 8.630199275622821298e-03 8.507656191920197342e-03 0.000000000000000000e+00
5.587350000000000000e+04 4.788376010346567790e-02 5.432858560561318328e-03 5.419742247279722702e-03 0.000000000000000000e+00
5.587450000000000000e+04 6.046545941369359245e-02 5.825242583982648270e-03 5.898792449322107223e-03 0.000000000000000000e+00
5.587550000000000000e+04 4.725506215037855728e-02 6.503760944948935863e-03 6.571831049480891807e-03 0.000000000000000000e+00
5.587650000000000000e+04 6.448746435985235059e-02 5.693359310219844871e-03 5.615193151211686495e-03 0.000000000000000000e+00
5.587750000000000000e+04 4.200657474393452995e-02 6.657947653012551148e-03 6.596563979968675384e-03 0.000000000000000000e+00
5.587850000000000000e+04 6.326317608167436601e-02 4.948381532247261849e-03 5.014907869929877138e-03 0.000000000000000000e+00
5.587950000000000000e+04 4.341485042118251036e-02 5.116716858113039279e-03 5.165779931148056781e-03 0.000000000000000000e+00
5.588050000000000000e+04 6.646693533078254501e-02 6.486484439711538708e-03 6.409734246204681907e-03 0.000000000000000000e+00
5.588150000000000000e+04 5.346915397925487701e-02 5.969661738645944127e-03 5.944095629695674010e-03 0.000000000000000000e+00
5.588250000000000000e+04 5.124056131793651436e-02 6.065287935348259718e-03 6.331837161056709518e-03 0.000000000000000000e+00
5.588350000000000000e+04 6.181141192303104409e-02 8.875699148975603470e-03 8.894387736728980032e-03 0.000000000000000000e+00
5.588450000000000000e+04 4.398162825682831734e-02 9.304598960043097833e-03 9.497863342729312430e-03 0.000000000000000000e+00
5.588550000000000000e+04 4.148448160487658992e-02 9.451348016442345790e-03 9.927104626279097122e-03 0.000000000000000000e+00
5.588750000000000000e+04 5.325017112441859241e-02 1.231424741732587563e-02 1.249552451975845940e-02 0.000000000000000000e+00
5.588850000000000000e+04 3.988959274539082694e-02 8.168229363928448949e-03 8.195351114398688464e-03 0.000000000000000000e+00
5.588950000000000000e+04 5.282033023771491587e-02 1.183248882466138296e-02 1.195755127707490151e-02 0.000000000000000000e+00
5.589050000000000000e+04 4.053211757607889931e-02 9.398860892354372887e-03 9.373595185657425388e-03 0.000000000000000000e+00
5.589150000000000000e+04 3.274578222822432244e-02 1.008117956910942886e-02 1.048626723564707874e-02 0.000000000000000000e+00
5.589250000000000000e+04 7.354900322782204070e-02 1.140901477252922319e-02 1.186570577460940856e-02 0.000000000000000000e+00
5.590450000000000000e+04 3.410873895587283045e-01 1.055017961914026525e-01 1.278614089543870236e-01 0.000000000000000000e+00
5.640350000000000000e+04 2.653517112091825947e+00 9.221083383883577067e-01 1.597948070006611321e+00 0.000000000000000000e+00
5.645250000000000000e+04 1.010866973887318832e+00 3.503677107360869680e-01 4.107663682194584442e-01 0.000000000000000000e+00
5.645350000000000000e+04 1.371257001236213746e+00 2.478202550524004621e-01 2.813773105420933618e-01 0.000000000000000000e+00
5.645450000000000000e+04 1.129883525195535698e+00 1.048822477601889513e-01 1.175293574821461018e-01 0.000000000000000000e+00
5.645550000000000000e+04 1.247994998332308647e+00 8.465948765756436956e-02 9.291589174218195524e-02 0.000000000000000000e+00
5.645650000000000000e+04 1.218033062188561777e+00 6.455789012779034053e-02 6.893288162491084670e-02 0.000000000000000000e+00
5.645750000000000000e+04 1.108885744428874887e+00 5.144415447641459416e-02 5.403422307223437748e-02 0.000000000000000000e+00
5.645850000000000000e+04 3.199262343017462706e-01 1.735422373564171616e-02 1.783959165831550120e-02 0.000000000000000000e+00
5.645950000000000000e+04 8.054408385944757109e-02 5.752172632814925302e-03 5.904935828072152559e-03 0.000000000000000000e+00
5.646050000000000000e+04 4.114551764391678745e-02 5.271997049117495282e-03 5.326384846335824319e-03 0.000000000000000000e+00
5.646150000000000000e+04 4.331256374978820212e-02 4.684513085906720498e-03 4.726610891470257869e-03 0.000000000000000000e+00
5.646250000000000000e+04 4.405806774249446112e-02 6.681435773980073933e-03 6.744711815240542196e-03 0.000000000000000000e+00
5.646350000000000000e+04 4.896527387100423068e-02 4.573957274970341658e-03 4.462324938718960354e-03 0.000000000000000000e+00
5.646450000000000000e+04 5.560669809967073995e-02 3.609354511809062527e-03 3.711003365504179918e-03 0.000000000000000000e+00
5.646550000000000000e+04 5.896368312770308706e-02 5.456531803014127990e-03 5.462973466715925763e-03 0.000000000000000000e+00
5.646650000000000000e+04 3.951433245632082758e-02 5.995544933589377901e-03 6.117751801960669145e-03 0.000000000000000000e+00
5.646750000000000000e+04 7.985126796363839485e-02 9.885422080773989539e-03 1.008770921986459901e-02 0.000000000000000000e+00
5.646850000000000000e+04 6.743123644222739910e-02 7.900696308523219580e-03 8.238436175408023199e-03 0.000000000000000000e+00
5.646950000000000000e+04 6.832366264296063640e-02 5.038377229002785618e-03 5.201632181720511339e-03 0.000000000000000000e+00
5.647050000000000000e+04 4.698026357660989305e-02 7.420163027415833945e-03 7.582753804408128018e-03 0.000000000000000000e+00
5.647150000000000000e+04 5.689660701262887893e-02 6.163593837134349884e-03 6.163211203728112542e-03 0.000000000000000000e+00
5.647250000000000000e+04 4.888477933534798175e-02 7.890534060781058401e-03 8.156977636308099244e-03 0.000000000000000000e+00
5.647350000000000000e+04 4.406779862376453138e-02 9.617399511483451513e-03 9.632792709242013474e-03 0.000000000000000000e+00
5.647450000000000000e+04 5.391516503056856258e-02 9.673686877330743561e-03 9.665129577991746213e-03 0.000000000000000000e+00
5.647550000000000000e+04 4.163620227707567900e-02 1.273953132772790570e-02 1.264055154128835429e-02 0.000000000000000000e+00
5.648250000000000000e+04 4.012413170466607587e-02 6.539667600819205895e-03 6.705522725370456627e-03 0.000000000000000000e+00
5.648450000000000000e+04 4.782850011438892490e-02 6.487316688902525219e-03 7.283900503527805659e-03 0.000000000000000000e+00
5.649050000000000000e+04 5.435087018336824671e-02 1.068246143542514459e-02 1.078480807121690033e-02 0.000000000000000000e+00
5.649150000000000000e+04 4.941152286932797011e-02 7.266609701506387964e-03 7.402249726675295960e-03 0.000000000000000000e+00
5.649250000000000000e+04 7.499895700555361810e-02 1.940112948003954590e-02 1.940693717693556253e-02 0.000000000000000000e+00
5.649450000000000000e+04 1.274949742280239162e-01 2.952943235071438244e-02 3.024290928170839110e-02 0.000000000000000000e+00
5.649650000000000000e+04 9.182453500066345420e-02 2.036826951774579897e-02 2.102155293229569788e-02 0.000000000000000000e+00
5.649750000000000000e+04 9.483877787786312852e-02 2.275496242736403663e-02 2.357769801997691705e-02 0.000000000000000000e+00
5.650050000000000000e+04 2.561115538349882925e-01 6.923598371797287654e-02 7.219818780176373574e-02 0.000000000000000000e+00
5.650250000000000000e+04 2.290504254489857394e-01 6.697839704707408970e-02 6.923161251480963729e-02 0.000000000000000000e+00
5.659550000000000000e+04 1.095190471497848428e+00 3.448037440727180769e-01 5.342723881247748441e-01 0.000000000000000000e+00
5.684250000000000000e+04 2.296800588761970019e+00 7.569938507551310369e-01 1.100796255418524439e+00 0.000000000000000000e+00
5.684650000000000000e+04 1.040779313804067518e+00 1.252882385283194955e-01 1.626002368203811610e-01 0.000000000000000000e+00
5.684750000000000000e+04 2.402347887611032462e+00 5.905416531653371326e-01 1.075658948990596997e+00 0.000000000000000000e+00
5.684950000000000000e+04 9.410977933701412113e-01 1.562062561638166702e-01 1.901681722614898540e-01 0.000000000000000000e+00
5.685050000000000000e+04 8.073137060022093081e-01 8.356908683916863811e-02 1.001457730165605797e-01 0.000000000000000000e+00
5.685150000000000000e+04 1.001711749682257846e+00 9.031556709007282358e-02 1.031377237788573265e-01 0.000000000000000000e+00
5.685250000000000000e+04 2.369878649102661883e-01 2.665128361602517315e-02 2.784390960081822852e-02 0.000000000000000000e+00
5.685350000000000000e+04 3.466095804393504176e-02 8.272739877416314391e-03 8.471479511275768759e-03 0.000000000000000000e+00
5.685450000000000000e+04 6.788792213044297919e-02 1.391961597507692522e-02 1.404294482696642754e-02 0.000000000000000000e+00
5.685650000000000000e+04 7.140028873226665629e-02 1.290711132401015093e-02 1.316653031029439702e-02 0.000000000000000000e+00
5.686050000000000000e+04 6.995270481515208916e-02 1.912617378981618099e-02 1.890253966778612793e-02 0.000000000000000000e+00
5.687350000000000000e+04 1.686095858712591267e-01 4.086968725132231195e-02 4.510265774003363592e-02 0.000000000000000000e+00
5.687450000000000000e+04 1.089785161467605290e+00 3.201811768773480393e-01 5.691280774407103671e-01 0.000000000000000000e+00
5.687550000000000000e+04 1.298551035070317328e+00 2.235166505878196652e-01 3.043474634379486066e-01 0.000000000000000000e+00
5.688250000000000000e+04 2.615950720692152842e-01 7.216516397764227708e-02 7.680613271199793202e-02 0.000000000000000000e+00
5.688450000000000000e+04 7.583546824561537836e-01 2.337525276032672572e-01 3.478794545156203011e-01 0.000000000000000000e+00
5.704750000000000000e+04 1.288142002506785566e+00 4.093291351481740392e-01 7.489276228225585363e-01 0.000000000000000000e+00
5.706150000000000000e+04 9.745201604325824940e-01 2.456345190289759284e-01 2.931077544359322884e-01 0.000000000000000000e+00
5.706250000000000000e+04 7.733747086825073502e-01 2.147512928187530479e-01 2.783598963581808139e-01 0.000000000000000000e+00
5.706850000000000000e+04 1.757849713662838820e+00 4.688924924650996751e-01 8.648936411471996877e-01 0.000000000000000000e+00
5.706950000000000000e+04 1.425428478318164771e+00 2.663175202934173758e-01 3.987598856131286951e-01 0.000000000000000000e+00
5.707050000000000000e+04 1.380343812217310617e+00 2.111980255597416534e-01 2.853362092376570125e-01 0.000000000000000000e+00
5.707150000000000000e+04 1.162898857872125102e+00 1.230965039326183952e-01 1.495110549700850999e-01 0.000000000000000000e+00
5.707250000000000000e+04 1.283162621911851708e+00 1.580786034515584415e-01 1.903551408469745798e-01 0.000000000000000000e+00
5.707350000000000000e+04 1.132511434014438656e+00 1.211380513507631651e-01 1.466144888279881098e-01 0.000000000000000000e+00
5.707450000000000000e+04 1.086200337649902092e+00 9.985823462305476461e-02 1.164823445228564402e-01 0.000000000000000000e+00
5.707550000000000000e+04 1.482898829086856107e+00 1.421261032028025006e-01 1.706511972144972855e-01 0.000000000000000000e+00
5.707650000000000000e+04 1.178821106015161657e+00 1.118157810266198204e-01 1.324651563890957284e-01 0.000000000000000000e+00
5.707750000000000000e+04 2.433250289460826554e+00 5.675851104275482228e-01 1.045158489644016697e+00 0.000000000000000000e+00
5.707850000000000000e+04 1.275279062092843585e+00 1.047489810990145376e-01 1.200130067997642325e-01 0.000000000000000000e+00
5.707950000000000000e+04 1.275734812659046202e+00 9.168192142737607853e-02 1.003338079549112027e-01 0.000000000000000000e+00
5.708050000000000000e+04 1.361177142699009579e+00 9.013942635987914898e-02 9.950167084826788688e-02 0.000000000000000000e+00
5.708150000000000000e+04 1.571873812927645719e+00 1.188814213751063775e-01 1.309207339335130005e-01 0.000000000000000000e+00
5.708250000000000000e+04 1.580004838303876946e+00 1.345645817894240981e-01 1.521587158801769313e-01 0.000000000000000000e+00
5.708350000000000000e+04 1.493569700209371742e+00 1.283179148920421397e-01 1.482309280995446343e-01 0.000000000000000000e+00
5.708450000000000000e+04 1.618149942709027567e+00 1.760608958601661556e-01 1.992299865312301410e-01 0.000000000000000000e+00
5.708550000000000000e+04 4.657983039940672976e-01 3.521318048605348583e-02 3.646956715184457298e-02 0.000000000000000000e+00
5.708650000000000000e+04 9.707038581367437580e-01 9.457607732658268596e-02 1.053554758563781668e-01 0.000000000000000000e+00
5.708750000000000000e+04 8.900381695472973087e-01 9.888973684079105375e-02 1.089304572873966981e-01 0.000000000000000000e+00
5.709050000000000000e+04 1.175420835476720605e+00 3.663263493537201043e-01 6.098065547491360316e-01 0.000000000000000000e+00
5.720750000000000000e+04 1.946059487053384274e-01 7.209717430691202356e-02 9.675438588920282079e-02 0.000000000000000000e+00
5.735150000000000000e+04 5.773913363510684293e-01 2.099644044209943994e-01 2.579925205851891779e-01 0.000000000000000000e+00
5.759750000000000000e+04 1.036454267964394660e+00 2.402045441954784311e-01 3.700308439409458749e-01 0.000000000000000000e+00
5.759850000000000000e+04 3.567704490461165889e+00 9.056024568131024743e-01 1.625884864172500777e+00 0.000000000000000000e+00
5.759950000000000000e+04 1.906710735104446552e+00 2.481399586902612864e-01 3.015141034078099302e-01 0.000000000000000000e+00
5.760050000000000000e+04 1.329973352833741185e+00 1.168244589281368651e-01 1.314943864160256215e-01 0.000000000000000000e+00
5.760150000000000000e+04 1.384371838819963507e+00 1.166050649447116783e-01 1.238264182762602861e-01 0.000000000000000000e+00
5.760250000000000000e+04 9.695043494251291971e-01 5.336754275546085058e-02 5.741634148600516241e-02 0.000000000000000000e+00
5.760350000000000000e+04 3.024628939641152425e-01 4.126999827510896557e-02 4.151058051139794314e-02 0.000000000000000000e+00
5.760450000000000000e+04 5.924992220902895734e-02 7.340751062504910496e-03 7.365548630253807016e-03 0.000000000000000000e+00
5.760550000000000000e+04 6.809491078479806836e-02 5.798511059756469854e-03 5.952952177999987216e-03 0.000000000000000000e+00
5.760650000000000000e+04 6.239146517156884952e-02 4.314795814316547962e-03 4.338957319624817122e-03 0.000000000000000000e+00
5.760750000000000000e+04 4.052674316433019230e-02 7.070704919927985055e-03 7.086867644239103203e-03 0.000000000000000000e+00
5.760850000000000000e+04 5.096078968342179771e-02 3.346540227600711126e-03 3.371585391057439762e-03 0.000000000000000000e+00
5.760950000000000000e+04 5.763587543422001025e-02 3.926825636983100054e-03 4.027526352133922738e-03 0.000000000000000000e+00
5.761050000000000000e+04 5.430906912702944400e-02 4.738887422602471033e-03 4.748069727113848892e-03 0.000000000000000000e+00
5.761150000000000000e+04 6.533203809967531861e-02 4.984216238643326968e-03 4.992814178426938088e-03 0.000000000000000000e+00
5.761250000000000000e+04 6.076998344273171204e-02 4.201350744847294483e-03 4.187576940136994441e-03 0.000000000000000000e+00
5.761350000000000000e+04 6.536131575854869924e-02 6.333492818275228420e-03 6.175783245937344068e-03 0.000000000000000000e+00
5.761450000000000000e+04 5.783157715523216946e-02 6.427294699325784844e-03 6.582892081283250874e-03 0.000000000000000000e+00
5.761550000000000000e+04 5.399515929368372408e-02 6.729805833757269984e-03 6.778643983166347808e-03 0.000000000000000000e+00
5.761650000000000000e+04 4.903066382015777019e-02 7.457066761637771990e-03 7.429344315279938493e-03 0.000000000000000000e+00
5.761750000000000000e+04 6.260243172084925534e-02 1.482933308057697575e-02 1.467401024874022408e-02 0.000000000000000000e+00
5.761850000000000000e+04 4.075480681634613411e-02 9.458527444631166514e-03 9.614875277279867627e-03 0.000000000000000000e+00
5.762050000000000000e+04 4.215562741880493625e-02 6.711821680983200145e-03 6.610584977167856258e-03 0.000000000000000000e+00
5.762150000000000000e+04 3.569847332463946948e-02 9.925242237242747068e-03 9.868488950343361210e-03 0.000000000000000000e+00
5.762250000000000000e+04 4.652475682622911335e-02 1.392217749601738080e-02 1.430815775232330972e-02 0.000000000000000000e+00
5.762350000000000000e+04 4.904312502030844234e-02 8.742495789906767900e-03 8.687903577160795143e-03 0.000000000000000000e+00
5.762450000000000000e+04 8.098745714114198579e-02 1.166251110390922885e-02 1.200629685297904814e-02 0.000000000000000000e+00
5.762550000000000000e+04 3.740004246854540526e-02 7.478658922468510439e-03 7.574737406488368796e-03 0.000000000000000000e+00
5.762650000000000000e+04 7.247479023415295818e-02 9.845202032101041389e-03 9.830416092974622599e-03 0.000000000000000000e+00
5.762750000000000000e+04 6.130089805464860458e-02 7.260443515470435538e-03 7.350679310541181899e-03 0.000000000000000000e+00
5.762850000000000000e+04 7.196141859115204320e-02 9.441868284699284075e-03 9.344355162531806092e-03 0.000000000000000000e+00
5.762950000000000000e+04 5.463382034384189900e-02 7.179696789012250668e-03 7.145681350571406187e-03 0.000000000000000000e+00
5.763050000000000000e+04 3.297615350152564156e-02 7.290382120939135208e-03 8.077611626889844021e-03 0.000000000000000000e+00
5.763150000000000000e+04 5.849480603762727271e-02 1.084988633342788555e-02 1.097311823401746211e-02 0.000000000000000000e+00
5.763250000000000000e+04 3.677123704135892845e-02 8.042389563112560535e-03 8.159992116131505047e-03 0.000000000000000000e+00
5.763450000000000000e+04 4.575063707173228356e-02 7.709212548684139799e-03 7.767261353339667551e-03 0.000000000000000000e+00
5.763650000000000000e+04 6.186813340022578878e-02 1.570080582565235722e-02 1.572822007332443095e-02 0.000000000000000000e+00
5.763850000000000000e+04 6.038385267528835476e-02 1.128985085826427620e-02 1.135478718324060832e-02 0.000000000000000000e+00
5.764050000000000000e+04 5.141170114913842792e-02 1.474458368201374964e-02 1.487527319536198489e-02 0.000000000000000000e+00
5.764150000000000000e+04 6.665074313789465243e-02 1.375151166644818929e-02 1.460935578942583468e-02 0.000000000000000000e+00
5.764650000000000000e+04 6.699350445137178256e-02 2.183667341405739343e-02 2.243439410307337956e-02 0.000000000000000000e+00
5.765050000000000000e+04 2.450828350062874139e-01 5.486403122811425725e-02 5.603277270364598328e-02 0.000000000000000000e+00
5.765750000000000000e+04 2.472217267348077563e+00 7.769066100217838500e-01 1.289348919803255278e+00 0.000000000000000000e+00
5.790150000000000000e+04 1.329809072665334879e+00 4.858664677515812658e-01 7.646987407866838726e-01 0.000000000000000000e+00
5.790250000000000000e+04 9.567097293297885940e-01 2.555801934628710859e-01 3.033267635291956310e-01 0.000000000000000000e+00
5.790350000000000000e+04 1.941794194247427496e+00 3.939586759192073018e-01 5.673795859492278826e-01 0.000000000000000000e+00
5.790450000000000000e+04 8.568135911752045031e-01 1.414400655698537790e-01 1.691825805653456305e-01 0.000000000000000000e+00
5.790550000000000000e+04 1.916874468382635310e+00 2.825182139981861074e-01 3.821253530188535308e-01 0.000000000000000000e+00
5.790650000000000000e+04 1.162660592281247407e+00 1.675482196672445356e-01 1.986462916909264020e-01 0.000000000000000000e+00
5.790750000000000000e+04 1.074474599334326541e+00 1.660573151547342086e-01 2.257978235161872682e-01 0.000000000000000000e+00
5.790850000000000000e+04 1.517281165586185310e+00 2.406212766299957728e-01 3.145512961473775349e-01 0.000000000000000000e+00
5.790950000000000000e+04 1.517182227733502309e+00 2.630718970561343184e-01 3.461479519245729275e-01 0.000000000000000000e+00
5.791050000000000000e+04 7.329518852542400431e-01 1.475717904137170411e-01 1.749061900198268793e-01 0.000000000000000000e+00
5.791150000000000000e+04 2.339697285570724983e+00 5.088229566705690932e-01 8.072861608069539230e-01 0.000000000000000000e+00
5.791250000000000000e+04 1.903234789730700705e+00 4.451109812313100988e-01 7.164840745388718624e-01 0.000000000000000000e+00
5.791350000000000000e+04 1.297780859432736689e+00 3.143518137408439772e-01 4.630402204074379746e-01 0.000000000000000000e+00
5.791450000000000000e+04 1.076408938452944497e+00 2.461368158888564972e-01 3.575988378817946955e-01 0.000000000000000000e+00
5.791650000000000000e+04 7.578435386245265803e-01 1.806463684673048631e-01 2.762949433656400888e-01 0.000000000000000000e+00
5.791750000000000000e+04 9.311871313451920429e-01 2.108794846033051895e-01 3.311163023881840139e-01 0.000000000000000000e+00
5.791850000000000000e+04 8.730852548226775145e-01 2.129572689548673292e-01 3.896053897569580204e-01 0.000000000000000000e+00
5.793350000000000000e+04 1.118462956856032697e+00 2.564305700805580290e-01 4.493352789336171327e-01 0.000000000000000000e+00
5.793450000000000000e+04 1.245000013015078677e+00 1.999585900186335863e-01 2.701004486056615139e-01 0.000000000000000000e+00
5.793550000000000000e+04 1.442005228466705091e+00 2.000085388368233463e-01 2.599282872118506837e-01 0.000000000000000000e+00
5.793650000000000000e+04 1.011173387674178414e+00 1.103754615904518621e-01 1.325791641378113450e-01 0.000000000000000000e+00
5.793750000000000000e+04 1.213364098284825054e+00 1.319883856866428395e-01 1.593568842160448806e-01 0.000000000000000000e+00
5.793850000000000000e+04 1.295097835384283469e+00 1.688335243965370935e-01 2.094386988251228932e-01 0.000000000000000000e+00
5.793950000000000000e+04 1.437952141669505801e+00 1.638618665516953232e-01 1.943779492712953694e-01 0.000000000000000000e+00
5.794050000000000000e+04 1.003180063586942783e+00 1.085937178136345826e-01 1.216725529989000076e-01 0.000000000000000000e+00
5.794150000000000000e+04 1.011924438656618630e+00 9.083686721900474659e-02 1.024155766395555833e-01 0.000000000000000000e+00
5.794250000000000000e+04 9.157359896192452942e-01 1.413418888442363741e-01 1.595781309439628926e-01 0.000000000000000000e+00
5.794350000000000000e+04 2.219534702736683851e+00 4.228138663063334413e-01 5.903059502194900610e-01 0.000000000000000000e+00
5.794450000000000000e+04 1.660329742498686922e+00 1.771416917698820370e-01 1.970022011614858126e-01 0.000000000000000000e+00
5.794550000000000000e+04 1.242931638588427257e+00 1.392155931836822624e-01 1.520166725754672488e-01 0.000000000000000000e+00
5.794650000000000000e+04 1.204531130673770267e+00 1.090318837513741812e-01 1.230407408525120427e-01 0.000000000000000000e+00
5.794750000000000000e+04 1.675293365252998434e+00 1.656707203137102180e-01 1.910993963795435402e-01 0.000000000000000000e+00
5.794850000000000000e+04 1.066712105809904054e+00 1.307727040450973321e-01 1.458575837291147259e-01 0.000000000000000000e+00
5.794950000000000000e+04 1.606862057654754317e+00 2.162149964398425439e-01 2.328430952455939895e-01 0.000000000000000000e+00
5.795050000000000000e+04 1.524017668639867207e+00 2.198006737161639634e-01 2.644082627988435519e-01 0.000000000000000000e+00
5.795150000000000000e+04 8.735792664532066043e-01 1.304687186676097843e-01 1.468886872362421547e-01 0.000000000000000000e+00
5.795250000000000000e+04 1.261673488468460835e+00 1.980132533691645325e-01 2.387947763342210816e-01 0.000000000000000000e+00
5.796350000000000000e+04 6.998079499183313956e-01 2.422222712683535506e-01 4.008856608488506890e-01 0.000000000000000000e+00
5.815150000000000000e+04 1.020077661111834288e+00 2.650842519755589599e-01 5.108582574726350245e-01 0.000000000000000000e+00
5.815650000000000000e+04 1.396991094511051523e+00 3.374216587181277927e-01 6.385582817635879760e-01 0.000000000000000000e+00
5.815750000000000000e+04 1.493213088607221906e+00 2.582699968717185879e-01 3.522418277110328511e-01 0.000000000000000000e+00
5.815850000000000000e+04 2.210552924404066921e+00 3.330186156042151957e-01 3.939075319724105739e-01 0.000000000000000000e+00
5.815950000000000000e+04 7.531866109035380008e-01 9.234837000944273733e-02 1.024367690922918239e-01 0.000000000000000000e+00
5.816050000000000000e+04 1.393518680426770739e+00 2.718196342203145210e-01 3.177596191795220015e-01 0.000000000000000000e+00
5.816150000000000000e+04 1.378442187067688618e+00 1.515440536529641946e-01 1.641895505567190217e-01 0.000000000000000000e+00
5.816250000000000000e+04 1.465493103250262497e+00 1.296072037951074840e-01 1.449296053877304757e-01 0.000000000000000000e+00
5.816350000000000000e+04 1.395070486566247325e+00 1.005113218105149198e-01 1.120395402356333392e-01 0.000000000000000000e+00
5.816450000000000000e+04 1.481379878402955264e+00 1.033318657303849974e-01 1.139205712406281545e-01 0.000000000000000000e+00
5.816550000000000000e+04 9.083274219044723541e-01 5.274032451002952371e-02 5.641368337357799412e-02 0.000000000000000000e+00
5.816650000000000000e+04 1.294942747963993890e+00 8.010821333950435275e-02 8.744344857496089141e-02 0.000000000000000000e+00
5.816750000000000000e+04 1.219290840434603673e+00 7.764089157550335685e-02 8.310157048377941891e-02 0.000000000000000000e+00
5.816850000000000000e+04 1.341911840341618589e+00 8.304501729058255677e-02 9.133154874845028637e-02 0.000000000000000000e+00
5.816950000000000000e+04 8.004385676000516092e-01 3.900224161233900588e-02 4.021446225781422079e-02 0.000000000000000000e+00
5.817050000000000000e+04 8.478910936757908523e-01 5.578158413915135228e-02 6.194011572691560108e-02 0.000000000000000000e+00
5.817150000000000000e+04 8.201031827511451322e-02 7.903984155828575053e-03 8.008417541869053413e-03 0.000000000000000000e+00
5.817250000000000000e+04 7.092238932231517690e-02 1.044008627887313412e-02 1.069218698218653285e-02 0.000000000000000000e+00
5.817350000000000000e+04 7.973645951106352048e-02 1.155275446414055773e-02 1.144359796799981899e-02 0.000000000000000000e+00
5.817450000000000000e+04 4.256230733772215641e-02 9.703345709277985676e-03 1.001598255041283997e-02 0.000000000000000000e+00
5.817550000000000000e+04 5.789941233022873057e-02 8.711040323669205776e-03 8.753802232638288605e-03 0.000000000000000000e+00
5.817650000000000000e+04 7.015304285281255547e-02 1.531324512462872017e-02 1.581049865462096082e-02 0.000000000000000000e+00
5.817750000000000000e+04 9.499075885485454285e-02 1.199847091839253976e-02 1.182845962836863440e-02 0.000000000000000000e+00
5.817850000000000000e+04 4.407938474738839346e-02 1.207238501812343823e-02 1.221645140956006959e-02 0.000000000000000000e+00
5.817950000000000000e+04 5.390694506734872160e-02 1.288951505722377849e-02 1.298825808679765492e-02 0.000000000000000000e+00
5.818050000000000000e+04 6.705715966884433221e-02 1.134214534825091214e-02 1.131329502209872662e-02 0.000000000000000000e+00
5.818150000000000000e+04 9.085316876922772122e-02 1.638646547779343265e-02 1.655679037503436646e-02 0.000000000000000000e+00
5.818250000000000000e+04 4.525830661096304219e-02 1.479774191694214688e-02 1.521577886817740421e-02 0.000000000000000000e+00
5.818450000000000000e+04 6.704345982640996793e-02 1.357418704168726620e-02 1.358592655389485870e-02 0.000000000000000000e+00
5.818550000000000000e+04 7.253297237404841835e-02 2.365516614589724398e-02 2.424813980393761281e-02 0.000000000000000000e+00
5.819050000000000000e+04 2.373694548526757708e-01 5.387334190302828230e-02 5.458867317539764508e-02 0.000000000000000000e+00
5.819150000000000000e+04 1.414501973847161753e-01 3.804048257730208160e-02 3.961691870823552675e-02 0.000000000000000000e+00
5.819250000000000000e+04 1.632280528745151393e-01 4.486552622342669661e-02 4.632435766552581158e-02 0.000000000000000000e+00
5.819350000000000000e+04 2.370360097596889426e-01 7.644276587829251790e-02 7.920113293664557408e-02 0.000000000000000000e+00
5.834850000000000000e+04 1.813000845427796826e+00 5.770045382845780946e-01 9.764649755117558172e-01 0.000000000000000000e+00
5.844150000000000000e+04 4.198128661066950484e-01 8.278741964442631884e-02 1.115049936294529309e-01 0.000000000000000000e+00
5.844450000000000000e+04 1.136973259601158803e+00 1.842863386594252306e-01 2.402061578777614503e-01 0.000000000000000000e+00
5.844550000000000000e+04 8.742476226927917704e-01 1.499557865509530963e-01 1.725026991560523193e-01 0.000000000000000000e+00
5.844650000000000000e+04 7.476686270832446635e-01 1.115781027927148505e-01 1.287882054609730265e-01 0.000000000000000000e+00
5.844750000000000000e+04 7.691364523054886604e-01 1.142246334650313111e-01 1.343363842427436339e-01 0.000000000000000000e+00
5.844850000000000000e+04 1.198597417414366095e+00 2.405790434286126933e-01 3.066785075469178334e-01 0.000000000000000000e+00
5.844950000000000000e+04 1.017626938396902325e+00 2.149295941231563756e-01 2.785011675480584259e-01 0.000000000000000000e+00
5.845050000000000000e+04 9.980631507364765564e-01 1.699028689640593726e-01 1.968134007016342224e-01 0.000000000000000000e+00
5.845150000000000000e+04 1.120755553682166061e+00 1.877430000374441521e-01 2.252986286737483912e-01 0.000000000000000000e+00
5.845250000000000000e+04 9.483049769487561509e-01 1.851211088201200061e-01 2.088216580791275589e-01 0.000000000000000000e+00
5.845350000000000000e+04 9.534004497083625740e-01 1.883612736334879800e-01 2.248851411663757016e-01 0.000000000000000000e+00
5.845450000000000000e+04 9.463312435757094132e-01 1.488609147866830629e-01 1.713715203722889768e-01 0.000000000000000000e+00
5.845550000000000000e+04 2.066371769799104641e+00 4.220331894278135376e-01 6.215550982862381169e-01 0.000000000000000000e+00
5.845650000000000000e+04 1.508028262205105552e+00 2.676286291318874522e-01 3.211070850422437228e-01 0.000000000000000000e+00
5.845750000000000000e+04 1.258186315696699253e+00 2.400919211188026203e-01 2.742446618987630647e-01 0.000000000000000000e+00
5.845850000000000000e+04 9.728461862570942920e-01 1.678736577390724793e-01 1.860282199578375817e-01 0.000000000000000000e+00
5.845950000000000000e+04 8.240276071058441065e-01 1.716680299901471862e-01 1.951607787506377534e-01 0.000000000000000000e+00
5.846150000000000000e+04 2.097486929135114142e+00 4.147062830569236969e-01 5.497077340557319225e-01 0.000000000000000000e+00
5.846250000000000000e+04 1.025978966857619135e+00 1.468452611210482317e-01 1.632090536505526046e-01 0.000000000000000000e+00
5.846350000000000000e+04 1.799623496291567371e+00 3.241443515469637493e-01 4.511651238475291592e-01 0.000000000000000000e+00
5.846450000000000000e+04 8.684408863836230452e-01 1.751770225381747981e-01 1.995031745346069751e-01 0.000000000000000000e+00
5.846550000000000000e+04 7.947232187539871040e-01 1.387846216926391651e-01 1.591181303894086962e-01 0.000000000000000000e+00
5.846650000000000000e+04 1.341085790237110498e+00 2.042766524785386562e-01 2.449136185434470647e-01 0.000000000000000000e+00
5.846750000000000000e+04 1.033862654979009754e+00 1.275971185960398380e-01 1.460812512266169705e-01 0.000000000000000000e+00
5.846850000000000000e+04 1.293612809963990085e+00 1.501586292164651670e-01 1.613459596012651875e-01 0.000000000000000000e+00
5.846950000000000000e+04 9.501763420749104183e-01 1.065654914783653595e-01 1.129494572085399939e-01 0.000000000000000000e+00
5.847050000000000000e+04 1.726950271973948459e+00 2.725132881190759360e-01 3.284360086058912831e-01 0.000000000000000000e+00
5.847150000000000000e+04 1.811070653171749756e+00 3.071127398379727147e-01 4.348631516258631979e-01 0.000000000000000000e+00
5.847350000000000000e+04 5.080728351913369467e-01 6.186882356693002016e-02 7.232312025779008557e-02 0.000000000000000000e+00
5.847550000000000000e+04 9.568513024407419021e-01 1.082602267171930421e-01 1.193721670912164523e-01 0.000000000000000000e+00
5.847650000000000000e+04 1.374890171673371908e+00 1.464641731075280173e-01 1.626242443570942164e-01 0.000000000000000000e+00
5.847750000000000000e+04 1.610862034432320566e+00 2.140083779802095520e-01 2.585944160997177832e-01 0.000000000000000000e+00
5.847850000000000000e+04 1.177031205304080785e+00 1.882031858508018685e-01 1.994951041996393393e-01 0.000000000000000000e+00
5.847950000000000000e+04 1.550559891388572531e+00 1.734424174596691515e-01 1.851549127980531839e-01 0.000000000000000000e+00
5.848150000000000000e+04 1.892620414488080272e+00 3.930548371739133184e-01 4.526668379865372849e-01 0.000000000000000000e+00
5.848250000000000000e+04 1.048699199820172456e+00 2.795701345234391511e-01 3.158817702251381920e-01 0.000000000000000000e+00
5.848350000000000000e+04 1.176954491483875209e+00 2.639940447207496099e-01 3.032272929627917168e-01 0.000000000000000000e+00
5.848450000000000000e+04 1.041276726565129263e+00 1.639209319177208357e-01 1.981977154064107349e-01 0.000000000000000000e+00
5.848550000000000000e+04 1.446898005226993078e+00 4.123282841272748467e-01 5.091061457934178414e-01 0.000000000000000000e+00
5.848850000000000000e+04 2.372210578917715029e+00 7.928021387963042343e-01 1.220870420293424186e+00 0.000000000000000000e+00
5.848950000000000000e+04 6.156261624658325715e-01 1.211284130336743314e-01 1.279779168827410718e-01 0.000000000000000000e+00
5.849050000000000000e+04 1.454112704008413637e+00 5.488545126815428388e-01 8.843496969815087816e-01 0.000000000000000000e+00
5.849650000000000000e+04 5.963750014395110544e-01 2.285779161366804368e-01 3.715825411856619187e-01 0.000000000000000000e+00
5.862850000000000000e+04 6.325740064829302511e+00 2.696305261879624382e+00 3.949907086823028379e+00 0.000000000000000000e+00
5.870250000000000000e+04 8.746265845927777560e-01 9.295452673043647085e-02 1.021081013118325664e-01 0.000000000000000000e+00
5.870350000000000000e+04 9.664475654296630358e-01 9.758228937702184691e-02 1.036723266297204793e-01 0.000000000000000000e+00
5.870450000000000000e+04 1.188325233376059220e+00 1.071349065876099349e-01 1.170326791788267595e-01 0.000000000000000000e+00
5.870550000000000000e+04 8.308427911095994656e-01 8.858089127300716736e-02 9.432799109705503060e-02 0.000000000000000000e+00
5.870650000000000000e+04 1.248202363935794423e+00 1.705003833955252013e-01 2.107319356155823442e-01 0.000000000000000000e+00
5.871250000000000000e+04 5.965132935288040145e-02 1.833256717712012512e-02 1.877912949308955387e-02 0.000000000000000000e+00
5.872750000000000000e+04 6.171552152833276184e-02 1.808367483879232129e-02 1.822821868093350839e-02 0.000000000000000000e+00
5.873150000000000000e+04 4.147274043823348522e-02 1.133733557470850001e-02 1.162103197217325551e-02 0.000000000000000000e+00
5.873350000000000000e+04 6.221822141155826380e-02 1.514963711086170228e-02 1.505888080689454789e-02 0.000000000000000000e+00
5.873450000000000000e+04 7.536901752083449701e-02 1.745982280641860535e-02 1.738231099185684470e-02 0.000000000000000000e+00
5.873550000000000000e+04 9.161086383774355579e-02 1.790162270815562340e-02 1.787842811439728508e-02 0.000000000000000000e+00
5.873650000000000000e+04 1.223774402280632112e-01 1.752112473356927380e-02 1.797487296703836890e-02 0.000000000000000000e+00
5.874750000000000000e+04 8.773996887882848927e-01 2.690242391452876136e-01 3.500398663952530853e-01 0.000000000000000000e+00
5.892850000000000000e+04 1.961195790642589643e+00 5.128187375634902789e-01 8.956428672922625012e-01 0.000000000000000000e+00
5.892950000000000000e+04 7.700367628694222422e-01 1.014501761403662217e-01 1.165654924548267246e-01 0.000000000000000000e+00
5.893050000000000000e+04 1.010429127202082000e+00 2.378616373528676942e-01 4.208394938323063439e-01 0.000000000000000000e+00
5.895250000000000000e+04 2.766630060652688350e-01 8.240364586036186267e-02 8.633973197605160355e-02 0.000000000000000000e+00
5.910250000000000000e+04 9.026877258095789003e-02 1.723037577381775209e-02 1.712359431502906426e-02 0.000000000000000000e+00
5.910350000000000000e+04 5.435712894434906184e-02 1.018639101918066697e-02 1.022924075643046049e-02 0.000000000000000000e+00
5.910450000000000000e+04 5.537329781253950978e-02 1.467304939656873669e-02 1.483799734041073293e-02 0.000000000000000000e+00
5.910550000000000000e+04 5.514273176109166924e-02 1.217826698969356330e-02 1.221707428908560406e-02 0.000000000000000000e+00
5.911250000000000000e+04 7.943814168086708871e-02 2.543250952546816795e-02 2.515700775418820700e-02 0.000000000000000000e+00
5.911450000000000000e+04 4.437195986205633158e-02 1.499010159933652706e-02 1.479812161655839203e-02 0.000000000000000000e+00
5.912250000000000000e+04 5.099609907391167846e-02 1.236303651851047847e-02 1.253892376998914232e-02 0.000000000000000000e+00
5.912450000000000000e+04 9.522409142704407747e-02 1.952241824114209212e-02 1.991067259471543394e-02 0.000000000000000000e+00
5.912750000000000000e+04 8.567183216723187056e-02 1.706423440431517613e-02 1.709918635891319316e-02 0.000000000000000000e+00
5.913450000000000000e+04 1.039870177674238616e-01 3.237022382525235609e-02 3.242556144525265971e-02 0.000000000000000000e+00
5.913750000000000000e+04 2.382368901313882681e-01 6.527347672266678447e-02 6.592137719486262926e-02 0.000000000000000000e+00
5.920650000000000000e+04 6.447290996130091045e+00 2.409260189337610214e+00 2.529952141996185233e+00 0.000000000000000000e+00
5.925650000000000000e+04 1.350010442462393989e+00 5.296659606418443467e-01 6.898249531080877794e-01 0.000000000000000000e+00
5.927150000000000000e+04 1.364794299695072155e+00 3.509218611000939347e-01 4.989485961675987902e-01 0.000000000000000000e+00
5.927250000000000000e+04 2.627971654268362656e+00 7.749289257264182496e-01 1.453204081219615418e+00 0.000000000000000000e+00
5.927350000000000000e+04 9.159576931314505899e-01 2.614936613117330166e-01 3.293663675275240177e-01 0.000000000000000000e+00
5.927550000000000000e+04 1.082100677234538733e+00 3.638648087851692470e-01 4.402713856371966994e-01 0.000000000000000000e+00
5.927750000000000000e+04 4.055786849131838845e-01 9.873232363417583368e-02 1.042976094805530551e-01 0.000000000000000000e+00
5.929050000000000000e+04 8.402435527438654184e-01 1.306998061572597347e-01 1.456537151720721512e-01 0.000000000000000000e+00
5.929150000000000000e+04 1.330473460263943863e+00 3.313481798000250667e-01 4.576246466760542919e-01 0.000000000000000000e+00
5.929250000000000000e+04 1.710780959397232071e+00 3.243735355255574770e-01 4.079849537782358482e-01 0.000000000000000000e+00
5.929350000000000000e+04 1.023196806926460312e+00 2.245047256274096403e-01 2.662647525275374516e-01 0.000000000000000000e+00
5.953650000000000000e+04 4.125942718026846534e-01 1.006604046465308655e-01 1.064534032981340750e-01 0.000000000000000000e+00
5.953750000000000000e+04 5.129301732390014745e-01 7.657608096758999894e-02 8.420078903010730365e-02 0.000000000000000000e+00
5.953850000000000000e+04 3.187141541097725517e-01 5.759213187380518573e-02 6.093582065185532137e-02 0.000000000000000000e+00
5.954050000000000000e+04 5.820098014634041833e-02 1.836754569668751919e-02 1.829519289122414488e-02 0.000000000000000000e+00
5.954350000000000000e+04 4.081620666777827089e-02 1.267896944538270815e-02 1.298489258058194151e-02 0.000000000000000000e+00
5.954450000000000000e+04 3.285870622859694140e-02 1.016154157925252405e-02 1.014929022632386768e-02 0.000000000000000000e+00
5.954550000000000000e+04 7.944352008408554766e-02 1.061680842334132568e-02 1.052198963221893935e-02 0.000000000000000000e+00
5.954650000000000000e+04 3.869420103204754269e-02 1.181041627935223298e-02 1.226808584565305948e-02 0.000000000000000000e+00
5.954750000000000000e+04 4.910609155167415529e-02 1.084040838217644603e-02 1.079750640288994895e-02 0.000000000000000000e+00
5.954850000000000000e+04 4.520917566713438668e-02 1.006844861112476258e-02 1.004063124676255608e-02 0.000000000000000000e+00
5.954950000000000000e+04 6.183818063626091155e-02 8.905325249029039103e-03 8.846559744550508420e-03 0.000000000000000000e+00
5.955150000000000000e+04 7.199545234178081343e-02 1.159437969400545221e-02 1.192865596527332983e-02 0.000000000000000000e+00
5.955250000000000000e+04 1.340601513444434900e-01 2.118856510836247820e-02 2.031500127953200785e-02 0.000000000000000000e+00
5.955350000000000000e+04 6.316581796210427036e-02 1.258863056568899214e-02 1.246370640120991746e-02 0.000000000000000000e+00
5.956250000000000000e+04 9.861002329204188177e-02 3.152472355708148266e-02 3.268452033763066811e-02 0.000000000000000000e+00
5.956350000000000000e+04 1.221498905625710424e-01 3.342936649205263677e-02 3.402679822597841353e-02 0.000000000000000000e+00
5.975050000000000000e+04 8.869066887870651339e-01 1.727542896683248452e-01 1.923843170682464354e-01 0.000000000000000000e+00
