5.934400000000000000e+04 5.023589999999999653e-03 9.501001259350000047e-04
5.934500000000000000e+04 5.621529999999999583e-03 8.857204814030000340e-04
5.934600000000000000e+04 1.103782000000000027e-02 1.096717110529999957e-03
5.934700000000000000e+04 6.542980000000000324e-03 7.473852241210000120e-04
5.934800000000000000e+04 9.494000000000000702e-03 1.069120782620000066e-03
5.934900000000000000e+04 1.186924999999999959e-02 1.343563505469999933e-03
5.935000000000000000e+04 1.060102999999999913e-02 1.257401008559999936e-03
5.935100000000000000e+04 1.078375999999999987e-02 1.247535073800000102e-03
5.935200000000000000e+04 1.210912999999999920e-02 1.263363003540000093e-03
5.935300000000000000e+04 1.125087999999999956e-02 1.794199800119999997e-03
5.935400000000000000e+04 1.571521999999999850e-02 8.099048393750000237e-04
5.935500000000000000e+04 1.580118000000000147e-02 1.104447194179999925e-03
5.935600000000000000e+04 1.268656999999999944e-02 1.644492196539999989e-03
5.935700000000000000e+04 1.596045999999999923e-02 1.152100719930000032e-03
5.935800000000000000e+04 1.276350000000000054e-02 1.641811774120000055e-03
5.935900000000000000e+04 1.265582999999999986e-02 1.250144772669999939e-03
5.936000000000000000e+04 1.660808999999999896e-02 1.638600925099999899e-03
5.936300000000000000e+04 1.149733000000000005e-02 1.055018507419999913e-03
5.936400000000000000e+04 1.092260999999999926e-02 1.084170753349999973e-03
5.936500000000000000e+04 1.189868999999999996e-02 1.372142890670000016e-03
5.936600000000000000e+04 7.956180000000000196e-03 1.279926458170000010e-03
5.936700000000000000e+04 9.136899999999999883e-03 2.280523196429999882e-03
5.936800000000000000e+04 7.685370000000000396e-03 1.034869368970000062e-03
5.936900000000000000e+04 7.907100000000000239e-03 1.302791380810000045e-03
5.937000000000000000e+04 3.836239999999999876e-03 1.181776320109999973e-03
5.937100000000000000e+04 9.335699999999999945e-04 1.563216696710000107e-03
5.937200000000000000e+04 2.935179999999999907e-03 1.163883262799999966e-03
5.937300000000000000e+04 2.380650000000000214e-03 1.232195136529999928e-03
5.937400000000000000e+04 2.783690000000000123e-03 1.678885057279999940e-03
5.937500000000000000e+04 1.489100000000000092e-04 1.459373313129999931e-03
5.937600000000000000e+04 4.186959999999999987e-03 1.525033053860000085e-03
5.937700000000000000e+04 5.977020000000000423e-03 2.674580653750000068e-03
5.937800000000000000e+04 -2.299199999999999942e-04 1.205044366960000097e-03
5.937900000000000000e+04 7.818999999999999779e-04 1.222781832470000093e-03
5.938100000000000000e+04 6.124359999999999700e-03 3.140677115709999880e-03
5.938200000000000000e+04 2.447500000000000023e-03 1.232683128999999961e-03
5.938300000000000000e+04 1.225839999999999959e-03 1.228029519629999892e-03
5.938400000000000000e+04 2.130599999999999855e-03 1.096285696899999959e-03
5.938500000000000000e+04 2.233370000000000147e-03 1.654761255509999912e-03
5.938600000000000000e+04 2.946719999999999895e-03 1.229521786459999901e-03
5.938700000000000000e+04 3.864559999999999957e-03 1.075139356440000041e-03
5.938900000000000000e+04 5.244190000000000136e-03 1.703666588030000074e-03
5.939000000000000000e+04 1.385879999999999924e-03 1.768866625710000104e-03
5.939100000000000000e+04 4.156510000000000413e-03 1.541101443660000030e-03
5.939200000000000000e+04 4.885910000000000253e-03 1.570281979020000029e-03
5.939300000000000000e+04 3.560199999999999910e-03 1.150162894749999932e-03
5.939400000000000000e+04 1.641000000000000097e-03 1.226784785209999963e-03
5.939500000000000000e+04 1.933379999999999951e-03 1.266071715379999936e-03
5.939700000000000000e+04 6.001799999999999843e-03 1.832072259359999967e-03
5.939800000000000000e+04 2.413939999999999836e-03 1.155559101360000051e-03
5.939900000000000000e+04 4.802410000000000012e-03 1.047818850369999950e-03
5.940000000000000000e+04 4.263570000000000380e-03 1.254642790239999996e-03
5.940100000000000000e+04 3.162040000000000076e-03 2.355935714240000017e-03
5.940200000000000000e+04 2.451109999999999834e-03 1.203396508330000078e-03
5.940300000000000000e+04 3.362439999999999960e-03 1.309467683619999941e-03
5.940400000000000000e+04 5.495469999999999695e-03 1.490003681199999997e-03
5.940500000000000000e+04 1.162089999999999955e-03 1.109532217190000022e-03
5.940600000000000000e+04 5.421119999999999758e-03 1.361880904050000000e-03
5.940700000000000000e+04 3.457959999999999940e-03 1.932407755019999998e-03
5.940800000000000000e+04 2.117490000000000084e-03 1.649683304859999970e-03
5.940900000000000000e+04 4.659070000000000399e-03 1.378741397579999906e-03
5.941000000000000000e+04 4.989539999999999774e-03 8.328758473330000536e-04
5.941100000000000000e+04 6.707229999999999789e-03 1.068781309599999918e-03
5.941200000000000000e+04 6.497239999999999613e-03 1.215101255300000006e-03
5.941300000000000000e+04 9.085019999999999207e-03 1.424789498809999905e-03
5.941400000000000000e+04 8.529540000000000385e-03 1.253688022359999901e-03
5.941500000000000000e+04 1.119958000000000065e-02 1.029289281140000024e-03
5.941600000000000000e+04 8.152410000000000559e-03 1.102636671389999956e-03
5.941700000000000000e+04 5.844120000000000391e-03 2.162365367009999942e-03
5.941800000000000000e+04 1.162794999999999974e-02 1.778103120899999926e-03
5.941900000000000000e+04 7.264310000000000385e-03 1.332891322270000076e-03
5.942000000000000000e+04 9.571669999999999137e-03 1.177688499109999943e-03
5.942100000000000000e+04 1.017581000000000041e-02 2.002735249829999849e-03
5.942200000000000000e+04 5.862410000000000190e-03 1.752069783369999923e-03
5.942300000000000000e+04 4.650370000000000024e-03 1.596265810059999905e-03
5.942400000000000000e+04 6.790680000000000327e-03 1.425765483760000002e-03
5.942500000000000000e+04 6.883809999999999756e-03 1.521298850600000079e-03
5.942600000000000000e+04 5.334890000000000118e-03 1.265074513370000086e-03
5.942700000000000000e+04 7.355490000000000118e-03 1.092820243110000002e-03
5.942800000000000000e+04 6.012789999999999628e-03 1.349419415129999959e-03
5.942900000000000000e+04 8.069029999999999606e-03 1.301879047059999921e-03
5.943000000000000000e+04 6.233179999999999624e-03 1.384844839660000042e-03
5.943200000000000000e+04 9.840369999999999326e-03 1.022528110079999998e-03
5.943300000000000000e+04 2.386479999999999851e-03 3.349983452080000125e-03
5.943400000000000000e+04 6.237369999999999894e-03 1.196331226009999908e-03
5.943500000000000000e+04 5.787129999999999705e-03 9.963745425189999508e-04
5.943600000000000000e+04 9.233369999999999425e-03 1.624823978210000047e-03
5.943700000000000000e+04 5.909389999999999608e-03 1.050386115110000032e-03
5.943800000000000000e+04 1.239089999999999983e-03 7.289829572780000136e-04
5.943900000000000000e+04 3.338750000000000138e-03 9.959714183030001031e-04
5.944000000000000000e+04 3.400939999999999866e-03 9.427731665000000337e-04
5.944100000000000000e+04 5.463459999999999844e-03 1.479550740999999907e-03
5.944200000000000000e+04 -1.118220000000000065e-03 1.304665554799999986e-03
5.944300000000000000e+04 3.522949999999999953e-03 1.833373572619999932e-03
5.944400000000000000e+04 1.522329999999999907e-03 1.467322639780000099e-03
5.944500000000000000e+04 1.906630000000000087e-03 1.074686725740000041e-03
5.944600000000000000e+04 4.376599999999999805e-04 1.157666663050000008e-03
5.944700000000000000e+04 3.491049999999999882e-03 1.527847851020000059e-03
5.944800000000000000e+04 3.504569999999999821e-03 1.485003526450000061e-03
5.944900000000000000e+04 2.748299999999999962e-04 1.564404852290000002e-03
5.945000000000000000e+04 4.842189999999999689e-03 1.588132602200000064e-03
5.945100000000000000e+04 3.270589999999999869e-03 1.388869009460000099e-03
5.945200000000000000e+04 1.462530000000000080e-03 1.484819645229999924e-03
5.945300000000000000e+04 2.452719999999999814e-03 1.048384638739999989e-03
5.945400000000000000e+04 1.702310000000000064e-03 7.227027063339999495e-04
5.945500000000000000e+04 3.436030000000000074e-03 1.056220807710000088e-03
5.945600000000000000e+04 2.281410000000000209e-03 8.359452492580000298e-04
5.945700000000000000e+04 2.389089999999999964e-03 1.919981627869999990e-03
5.945800000000000000e+04 1.238640000000000053e-03 1.297939745509999994e-03
5.945900000000000000e+04 1.893699999999999897e-03 9.429641200760000529e-04
5.946000000000000000e+04 -2.759999999999999867e-04 8.923897118539999510e-04
5.946100000000000000e+04 1.527630000000000090e-03 1.351944245750000100e-03
5.946200000000000000e+04 3.078809999999999967e-03 9.625899042760000229e-04
5.946300000000000000e+04 7.883289999999999395e-03 1.757239674639999964e-03
5.946400000000000000e+04 3.024830000000000053e-03 1.332806454019999946e-03
5.946500000000000000e+04 6.348610000000000191e-03 1.703709022160000046e-03
5.946600000000000000e+04 1.619900000000000072e-03 9.914804730899999963e-04
5.946700000000000000e+04 2.118839999999999873e-03 1.142644981740000010e-03
5.946800000000000000e+04 1.552699999999999957e-03 1.041856855379999980e-03
5.946900000000000000e+04 2.557999999999999944e-03 9.417476750730000446e-04
5.947000000000000000e+04 1.561579999999999913e-03 1.122785809829999993e-03
5.947100000000000000e+04 -2.544180000000000053e-03 2.380441423160000163e-03
5.947200000000000000e+04 1.825089999999999915e-03 1.454811644369999931e-03
5.947300000000000000e+04 3.591360000000000038e-03 9.021566336490000103e-04
5.947400000000000000e+04 -3.454500000000000105e-03 1.645199431999999976e-03
5.947500000000000000e+04 -9.148300000000000485e-04 9.622857930260000177e-04
5.947600000000000000e+04 8.676800000000000138e-04 1.063724576009999947e-03
5.947700000000000000e+04 1.101530000000000087e-03 1.210369850029999932e-03
5.947800000000000000e+04 1.618340000000000013e-03 1.316235927030000091e-03
5.947900000000000000e+04 4.775640000000000267e-03 1.147277374040000077e-03
5.948000000000000000e+04 9.937399999999999012e-04 8.741501091680000226e-04
5.948100000000000000e+04 5.208570000000000040e-03 1.106109197530000037e-03
5.948200000000000000e+04 9.012599999999999735e-04 1.393289231129999934e-03
5.948300000000000000e+04 6.436680000000000179e-03 1.589313685430000051e-03
5.948400000000000000e+04 3.973189999999999708e-03 1.463022648140000024e-03
5.948500000000000000e+04 -6.888900000000000535e-04 2.179247077599999818e-03
5.948600000000000000e+04 -9.904999999999999525e-05 2.676263874159999934e-03
5.948700000000000000e+04 -1.788059999999999953e-03 9.852638733379999025e-04
5.948800000000000000e+04 4.597999999999999657e-03 1.560281669519999938e-03
5.948900000000000000e+04 1.420440000000000027e-03 1.547954555339999937e-03
5.949000000000000000e+04 -3.043670000000000056e-03 1.831209432099999970e-03
5.949100000000000000e+04 1.720369999999999929e-03 1.045025270269999947e-03
5.949200000000000000e+04 1.248499999999999990e-04 9.747402095940000148e-04
5.949300000000000000e+04 7.967999999999999606e-04 1.299679544759999895e-03
5.949400000000000000e+04 5.647999999999999592e-04 8.355916315250000491e-04
5.949500000000000000e+04 1.601750000000000092e-03 1.351647206849999894e-03
5.949600000000000000e+04 1.267330000000000106e-03 8.547577126720000158e-04
5.949700000000000000e+04 -2.755500000000000028e-04 9.817559854230000979e-04
5.949800000000000000e+04 4.502900000000000002e-04 1.597708570420000064e-03
5.949900000000000000e+04 1.307989999999999977e-03 1.084290983379999950e-03
5.950000000000000000e+04 -5.438100000000000399e-04 9.954197746390000719e-04
5.950100000000000000e+04 -5.665299999999999850e-04 1.152984764260000031e-03
5.950200000000000000e+04 -1.640130000000000060e-03 1.632391397700000066e-03
5.950300000000000000e+04 1.452450000000000095e-03 1.083548386139999899e-03
5.950400000000000000e+04 -3.610500000000000211e-04 1.110380899749999987e-03
5.950500000000000000e+04 2.733830000000000027e-03 1.125084325100000025e-03
5.950600000000000000e+04 1.352799999999999923e-03 1.224196303400000097e-03
5.950700000000000000e+04 -5.428800000000000335e-04 1.769227315800000035e-03
5.950800000000000000e+04 1.921140000000000000e-03 9.117255295130000190e-04
5.950900000000000000e+04 1.641450000000000027e-03 1.671890498519999898e-03
5.951000000000000000e+04 7.670199999999999848e-04 2.652182506519999879e-03
5.951100000000000000e+04 -1.226859999999999973e-03 1.725201907990000019e-03
5.951200000000000000e+04 -2.515099999999999823e-04 1.252789833320000056e-03
5.951300000000000000e+04 2.352599999999999939e-04 1.802721987499999925e-03
5.951400000000000000e+04 -2.096569999999999857e-03 1.795041410330000054e-03
5.951500000000000000e+04 -8.188800000000000202e-04 1.101865784729999997e-03
5.951600000000000000e+04 -3.718899999999999918e-04 2.345871753549999984e-03
5.951700000000000000e+04 -8.536200000000000298e-04 1.608840456660000015e-03
5.951800000000000000e+04 4.399840000000000348e-03 1.512642288479999894e-03
