5.934650000000000000e+04 2.625399999999999956e-02 8.333504842010000177e-03
5.934750000000000000e+04 2.583200000000000079e-02 5.053421890020000189e-03
5.934850000000000000e+04 1.985100000000000059e-02 4.184574922889999597e-03
5.934950000000000000e+04 2.999599999999999836e-02 4.216506905449999773e-03
5.935050000000000000e+04 2.082200000000000023e-02 8.800602912370000114e-03
5.935150000000000000e+04 4.559599999999999764e-02 4.979904069729999827e-03
5.935250000000000000e+04 3.662599999999999884e-02 4.717022166850000364e-03
5.935350000000000000e+04 6.058399999999999896e-02 6.709429357289999930e-03
5.935450000000000000e+04 5.266400000000000248e-02 5.453685578299999684e-03
5.935550000000000000e+04 6.117000000000000215e-02 4.553649232860000270e-03
5.935650000000000000e+04 7.938299999999999523e-02 5.208626177319999884e-03
5.935750000000000000e+04 6.101100000000000273e-02 4.844007492820000087e-03
5.935850000000000000e+04 4.333399999999999752e-02 4.832125824889999671e-03
5.935950000000000000e+04 5.849700000000000039e-02 5.368286090079999774e-03
5.936050000000000000e+04 5.795999999999999763e-02 5.600721218890000221e-03
5.936150000000000000e+04 4.109299999999999758e-02 5.092779915030000090e-03
5.936250000000000000e+04 4.458399999999999863e-02 5.830928534969999702e-03
5.936350000000000000e+04 4.489699999999999941e-02 5.517549543410000222e-03
5.936450000000000000e+04 4.344200000000000145e-02 6.184408155789999570e-03
5.936550000000000000e+04 4.232000000000000345e-02 7.420101620150000056e-03
5.936650000000000000e+04 1.083800000000000041e-02 4.415524843220000432e-03
5.936750000000000000e+04 2.405099999999999946e-02 4.339036605939999673e-03
5.936850000000000000e+04 2.224200000000000135e-02 4.345720044149999593e-03
5.936950000000000000e+04 1.929900000000000018e-02 4.391761507359999601e-03
5.937050000000000000e+04 2.254400000000000154e-02 4.150415127600000191e-03
5.937150000000000000e+04 1.518800000000000011e-02 3.905355726619999957e-03
5.937250000000000000e+04 8.382000000000000561e-03 4.016003759179999875e-03
5.937350000000000000e+04 5.900000000000000296e-04 3.718219456769999900e-03
5.937450000000000000e+04 -9.539000000000000604e-03 3.808074570470000066e-03
5.937550000000000000e+04 -6.814999999999999877e-03 3.596432360530000052e-03
5.937650000000000000e+04 -6.078000000000000069e-03 3.968477087479999575e-03
5.937750000000000000e+04 9.990000000000001049e-04 3.894216662940000028e-03
5.937850000000000000e+04 -6.799999999999999946e-05 4.039024490790000220e-03
5.937950000000000000e+04 -5.398000000000000020e-03 4.094719809199999679e-03
5.938050000000000000e+04 -4.366000000000000089e-03 4.298193372440000347e-03
5.938150000000000000e+04 5.823000000000000051e-03 4.504637352669999678e-03
5.938250000000000000e+04 1.071000000000000077e-02 4.724448209309999903e-03
5.938350000000000000e+04 7.263999999999999624e-03 4.631622678629999587e-03
5.938450000000000000e+04 2.624000000000000030e-03 5.415812761780000074e-03
5.938550000000000000e+04 2.445400000000000004e-02 5.524975585859999948e-03
5.938650000000000000e+04 1.218999999999999945e-02 8.208747328780000366e-03
5.938750000000000000e+04 2.995099999999999846e-02 8.153794614619999659e-03
5.938950000000000000e+04 -4.076999999999999895e-03 9.061999606750000338e-03
5.939050000000000000e+04 1.417999999999999990e-03 1.047666069429999992e-02
5.939250000000000000e+04 2.942300000000000124e-02 9.248393272350000777e-03
5.939350000000000000e+04 1.348700000000000072e-02 5.885138644879999922e-03
5.939450000000000000e+04 2.302999999999999839e-02 5.216794824010000282e-03
5.939550000000000000e+04 1.837499999999999897e-02 5.008865635299999605e-03
5.939650000000000000e+04 2.530900000000000163e-02 5.271004933930000316e-03
5.939750000000000000e+04 1.385899999999999979e-02 5.076442621629999666e-03
5.939850000000000000e+04 1.493700000000000062e-02 4.449684638500000025e-03
5.939950000000000000e+04 1.864299999999999985e-02 4.074669494569999918e-03
5.940050000000000000e+04 2.042899999999999924e-02 4.200912216290000022e-03
5.940150000000000000e+04 3.661500000000000171e-02 4.473447974359999989e-03
5.940250000000000000e+04 1.763400000000000037e-02 8.028294497139999361e-03
5.940350000000000000e+04 1.976899999999999838e-02 4.418495260200000149e-03
5.940450000000000000e+04 8.396000000000000685e-03 4.091006787970000343e-03
5.940550000000000000e+04 1.462600000000000011e-02 4.503152144169999573e-03
5.942550000000000000e+04 4.840099999999999958e-02 5.639336639649999636e-03
5.942650000000000000e+04 3.118299999999999891e-02 7.729767590490000014e-03
5.942750000000000000e+04 2.154599999999999918e-02 3.672920597800000131e-03
5.942850000000000000e+04 1.270699999999999955e-02 3.868225514349999967e-03
5.942950000000000000e+04 2.733899999999999872e-02 4.235814615829999914e-03
5.943050000000000000e+04 9.886999999999999955e-03 4.145216897890000377e-03
5.943150000000000000e+04 3.728000000000000064e-02 4.046450533249999759e-03
5.943250000000000000e+04 1.944600000000000148e-02 4.340521814429999965e-03
5.943350000000000000e+04 2.247700000000000045e-02 6.176239509090000225e-03
5.943450000000000000e+04 2.833099999999999855e-02 5.146247420699999638e-03
5.943550000000000000e+04 3.238300000000000206e-02 5.531659024069999868e-03
5.943650000000000000e+04 3.501699999999999952e-02 6.232677431740000357e-03
5.943750000000000000e+04 2.590299999999999894e-02 8.441925061839999564e-03
5.943850000000000000e+04 2.422900000000000054e-02 6.202230657680000286e-03
5.943950000000000000e+04 2.113299999999999901e-02 3.823669259620000004e-03
5.944050000000000000e+04 -1.613999999999999983e-03 3.959565836529999744e-03
5.944150000000000000e+04 -7.308000000000000260e-03 3.647672053460000122e-03
5.944250000000000000e+04 -4.327000000000000117e-03 3.638018198270000052e-03
5.944350000000000000e+04 -3.059999999999999786e-03 3.880849786520000188e-03
5.944450000000000000e+04 -9.237000000000000419e-03 3.630592155819999892e-03
5.944550000000000000e+04 1.391000000000000092e-03 3.642473823740000061e-03
5.944650000000000000e+04 3.800000000000000209e-05 3.753864460550000032e-03
5.944750000000000000e+04 4.557000000000000287e-03 3.477615681260000109e-03
5.944850000000000000e+04 -3.808999999999999886e-03 3.546677876080000028e-03
5.944950000000000000e+04 4.555000000000000021e-03 3.789509464330000164e-03
5.945050000000000000e+04 -3.627000000000000016e-03 3.695941329410000042e-03
5.945150000000000000e+04 -1.033999999999999980e-03 3.803618945000000057e-03
5.945250000000000000e+04 1.075100000000000014e-02 4.410326613499999937e-03
5.945350000000000000e+04 1.133299999999999932e-02 5.351948796680000217e-03
5.945450000000000000e+04 -5.307000000000000085e-03 4.169722837980000332e-03
5.945550000000000000e+04 6.628000000000000211e-03 4.648702576279999631e-03
5.945650000000000000e+04 -4.982000000000000317e-03 4.404385779529999823e-03
5.945750000000000000e+04 5.069999999999999854e-03 5.296253478269999891e-03
5.945850000000000000e+04 1.963399999999999868e-02 5.449229952829999675e-03
5.945950000000000000e+04 8.135999999999999135e-03 7.681498314530000281e-03
5.946050000000000000e+04 1.439299999999999954e-02 8.724114675089999354e-03
5.946350000000000000e+04 4.578999999999999737e-03 9.826139375279999144e-03
5.946550000000000000e+04 2.267399999999999971e-02 1.046032340089999950e-02
5.946650000000000000e+04 1.806599999999999873e-02 5.945289588760000257e-03
5.946750000000000000e+04 7.200999999999999936e-03 5.322987231109999572e-03
5.946850000000000000e+04 1.948999999999999995e-03 4.416267447460000238e-03
5.946950000000000000e+04 1.860399999999999901e-02 4.556619649839999987e-03
5.947050000000000000e+04 1.460799999999999946e-02 4.101403247409999599e-03
5.947150000000000000e+04 1.779899999999999885e-02 4.102888455899999891e-03
5.947250000000000000e+04 1.778199999999999920e-02 4.111057102600000103e-03
5.947350000000000000e+04 1.077299999999999959e-02 4.516519020590000280e-03
5.947450000000000000e+04 1.374000000000000048e-02 4.126651791750000041e-03
5.947550000000000000e+04 -1.541999999999999968e-03 7.700806024920000235e-03
5.947650000000000000e+04 6.520999999999999887e-03 4.137790855429999970e-03
5.947750000000000000e+04 1.337299999999999947e-02 3.862284680379999852e-03
5.947850000000000000e+04 1.384299999999999940e-02 4.044965324760000334e-03
5.947950000000000000e+04 1.474499999999999943e-02 3.750151439330000076e-03
5.948050000000000000e+04 9.589999999999999566e-03 3.865255097369999816e-03
5.948150000000000000e+04 1.288899999999999942e-02 6.621059452090000304e-03
5.949150000000000000e+04 3.886999999999999830e-03 4.170465442229999951e-03
5.949250000000000000e+04 1.037700000000000081e-02 4.562560483810000102e-03
5.949350000000000000e+04 1.430400000000000074e-02 4.268489202620000082e-03
5.949450000000000000e+04 3.249000000000000152e-03 3.698911746390000192e-03
5.949550000000000000e+04 1.061000000000000094e-03 3.917237394540000125e-03
5.949650000000000000e+04 -1.577000000000000060e-03 3.538509229390000062e-03
5.949750000000000000e+04 -4.263000000000000296e-03 3.534796208159999859e-03
5.949850000000000000e+04 -9.439999999999999607e-04 4.321214104049999824e-03
5.949950000000000000e+04 8.977000000000000604e-03 5.420268387259999897e-03
5.950050000000000000e+04 4.363999999999999824e-03 3.531083186930000090e-03
5.950150000000000000e+04 4.295000000000000207e-03 3.613512258169999849e-03
5.950250000000000000e+04 -1.794999999999999938e-03 3.296420245380000166e-03
5.950350000000000000e+04 7.499999999999999722e-03 3.716734248280000041e-03
5.950450000000000000e+04 2.595000000000000084e-03 3.658068512899999812e-03
5.950550000000000000e+04 -4.745000000000000086e-03 3.945456355870000098e-03
5.950650000000000000e+04 -4.488999999999999935e-03 3.901642705390000188e-03
5.950750000000000000e+04 -3.325999999999999963e-03 4.617513197969999941e-03
5.950850000000000000e+04 4.818000000000000234e-03 4.071699077590000201e-03
5.950950000000000000e+04 1.289500000000000021e-02 5.354919213659999934e-03
5.951050000000000000e+04 -1.068099999999999952e-02 8.937242093529999473e-03
5.951150000000000000e+04 -7.439999999999999782e-04 5.063818349460000312e-03
5.951250000000000000e+04 5.560999999999999971e-03 4.137790855429999970e-03
5.951350000000000000e+04 5.055999999999999731e-03 3.679604036010000051e-03
5.951450000000000000e+04 6.989999999999999686e-04 3.765003524240000208e-03
5.951550000000000000e+04 2.120000000000000031e-04 3.670692785070000033e-03
5.951650000000000000e+04 2.033999999999999784e-03 3.736784562909999802e-03
5.951750000000000000e+04 -7.440000000000000432e-03 3.502864225609999931e-03
5.951850000000000000e+04 -6.909000000000000211e-03 3.444941094460000127e-03
