5.934650000000000000e+04 2.376605969868323065e+00 6.246175907663773508e-01 1.190609140775951591e+00 0.000000000000000000e+00
5.934750000000000000e+04 1.441139128341724529e+00 2.847015027126567066e-01 4.148878639620798836e-01 0.000000000000000000e+00
5.934850000000000000e+04 2.692496819641958083e+00 5.650386726972898011e-01 8.464338497307557496e-01 0.000000000000000000e+00
5.934950000000000000e+04 2.206532005553827780e+00 3.747502647784772822e-01 4.689090306080427872e-01 0.000000000000000000e+00
5.935050000000000000e+04 2.268867399962188447e+00 6.280741504355631388e-01 1.208875697120732617e+00 1.000000000000000000e+00
5.935150000000000000e+04 1.329014264354017261e+00 2.033450958189375601e-01 2.406317115338745261e-01 0.000000000000000000e+00
5.935250000000000000e+04 1.861205407242747745e+00 2.945985726398312465e-01 3.528117230081522226e-01 0.000000000000000000e+00
5.935350000000000000e+04 1.035145075328881781e+00 1.989368833977703810e-01 2.269375502373804920e-01 0.000000000000000000e+00
5.935450000000000000e+04 1.680380388594176377e+00 1.840637583458513138e-01 2.248339820271660905e-01 0.000000000000000000e+00
5.935550000000000000e+04 1.455067079374581240e+00 1.441585386973149863e-01 1.600560295076594031e-01 0.000000000000000000e+00
5.935650000000000000e+04 8.971289364998739080e-01 1.320707922402297729e-01 1.419588891223605431e-01 0.000000000000000000e+00
5.935750000000000000e+04 1.476064300753480829e+00 1.575428160485128348e-01 1.773840017883570042e-01 0.000000000000000000e+00
5.935850000000000000e+04 1.638460216566091532e+00 2.714727117677706580e-01 3.136487662983857838e-01 0.000000000000000000e+00
5.935950000000000000e+04 1.216403761321642962e+00 1.612940601861172496e-01 1.796005538175069471e-01 0.000000000000000000e+00
5.936050000000000000e+04 1.608664227596835250e+00 2.145013869041141330e-01 2.507626697992757503e-01 0.000000000000000000e+00
5.936350000000000000e+04 1.436944777761517855e+00 2.069965129350863631e-01 2.572623623559000539e-01 0.000000000000000000e+00
5.936450000000000000e+04 1.422177793664038514e+00 2.324099660347844765e-01 2.864478606536411398e-01 0.000000000000000000e+00
5.936550000000000000e+04 1.584847745435956412e+00 3.015780325255834615e-01 4.003500837665525669e-01 0.000000000000000000e+00
5.936650000000000000e+04 3.377143968597379864e+00 1.026043674814583362e+00 1.936265212956368220e+00 1.000000000000000000e+00
5.936750000000000000e+04 2.039469887351934130e+00 6.186603193409838664e-01 7.733780895997308669e-01 0.000000000000000000e+00
5.936850000000000000e+04 1.946836601463191485e+00 4.153987592763639380e-01 5.835112833383298003e-01 0.000000000000000000e+00
5.936950000000000000e+04 2.287668073242601796e+00 5.677730082002305778e-01 8.423223022857451170e-01 0.000000000000000000e+00
5.937050000000000000e+04 9.350266409165246539e-01 3.256520509376313877e-01 4.014243864872768519e-01 0.000000000000000000e+00
5.937250000000000000e+04 1.554428361618583887e+00 6.258313643462645182e-01 9.304350844649136310e-01 0.000000000000000000e+00
5.937995454545454413e+04 2.527382745866111335e+00 8.547698124091016592e-01 1.572253251361761528e+00 1.000000000000000000e+00
5.938700000000000000e+04 9.418135317011546714e-01 3.007834247139367090e-01 4.662412060636498268e-01 0.000000000000000000e+00
5.939083333333333576e+04 1.348158585468520743e+00 4.629471865689355203e-01 8.423035888977243868e-01 1.000000000000000000e+00
5.939350000000000000e+04 1.150838034245565300e+00 4.732184149864500089e-01 7.868176142015634866e-01 1.000000000000000000e+00
5.939583333333333576e+04 7.797265325229721933e-01 2.728689949833154049e-01 3.075310257388078616e-01 0.000000000000000000e+00
5.939900000000000000e+04 1.221121327796570455e+00 3.165664440790294520e-01 4.014588145743696046e-01 0.000000000000000000e+00
5.940050000000000000e+04 1.136045677467449000e+00 3.896489368758121463e-01 5.135484805496932648e-01 0.000000000000000000e+00
5.940250000000000000e+04 5.977797111649780781e-01 1.856476730798212182e-01 2.053599775970443853e-01 0.000000000000000000e+00
5.940500000000000000e+04 1.298989650295912845e+00 5.092294806759875003e-01 7.378343755589633624e-01 0.000000000000000000e+00
5.942550000000000000e+04 7.912871045570046835e-01 1.969440437106463326e-01 2.237699646567730127e-01 0.000000000000000000e+00
5.942650000000000000e+04 9.740565460787125041e-01 3.020042294224035695e-01 4.422546863032386089e-01 0.000000000000000000e+00
5.942750000000000000e+04 1.898145262583684989e+00 4.039792234566950135e-01 5.181089338825288770e-01 0.000000000000000000e+00
5.942850000000000000e+04 2.569200122939783171e+00 8.383415200124193500e-01 1.411541652303680561e+00 0.000000000000000000e+00
5.942950000000000000e+04 1.635174984147215405e+00 3.455841040405260856e-01 4.324444706859149612e-01 0.000000000000000000e+00
5.943050000000000000e+04 2.731783387259569373e+00 9.189335040932171683e-01 1.657969801369803875e+00 1.000000000000000000e+00
5.943250000000000000e+04 2.827404338070127032e+00 5.988543961547665440e-01 9.252322469838438757e-01 0.000000000000000000e+00
5.943400000000000000e+04 1.249822754701520600e+00 3.006101109005803185e-01 3.606392980364245826e-01 0.000000000000000000e+00
5.943550000000000000e+04 1.010700584886853104e+00 2.285901228900860671e-01 2.914835421644437208e-01 0.000000000000000000e+00
5.943650000000000000e+04 1.470202703087286178e+00 3.454460680201354439e-01 4.483532397048741736e-01 0.000000000000000000e+00
5.943750000000000000e+04 1.317946527413998314e+00 4.041352663807369350e-01 7.450346299844978759e-01 0.000000000000000000e+00
5.943900000000000000e+04 5.036952256241177261e-01 1.655207215457598080e-01 1.899360210131531002e-01 0.000000000000000000e+00
5.945050000000000000e+04 4.171254005337369897e+00 1.190492603624396128e+00 2.294641408885495615e+00 1.000000000000000000e+00
5.946350000000000000e+04 1.494149192390370917e+00 4.898942427185346560e-01 9.392341453922021799e-01 1.000000000000000000e+00
5.946550000000000000e+04 1.148583766311383814e+00 4.091476804869355055e-01 7.409743502484382738e-01 1.000000000000000000e+00
5.946800000000000000e+04 1.026702907509978502e+00 3.284393937918362871e-01 4.441316271393898063e-01 0.000000000000000000e+00
5.947200000000000000e+04 8.156854161275151061e-01 2.477148369088363333e-01 2.776347633204081511e-01 0.000000000000000000e+00
5.947800000000000000e+04 7.027122003776968828e-01 2.044236728994796581e-01 2.378912701180467826e-01 0.000000000000000000e+00
5.950100000000000000e+04 1.541781994442383619e+00 6.318261885191408522e-01 1.064217873089061905e+00 1.000000000000000000e+00
